Accuracy of se_0: 70 %
[[1470.  668. 2138.]
 [ 530. 1332. 1862.]
 [2000. 2000. 4000.]]
Accuracy of se_1: 71 %
[[1749.  873. 2622.]
 [ 251. 1127. 1378.]
 [2000. 2000. 4000.]]
Accuracy of se_2: 72 %
[[1745.  841. 2586.]
 [ 255. 1159. 1414.]
 [2000. 2000. 4000.]]
Accuracy of se_3: 78 %
[[1831.  706. 2537.]
 [ 169. 1294. 1463.]
 [2000. 2000. 4000.]]
Accuracy of se_4: 70 %
[[ 987.  181. 1168.]
 [1013. 1819. 2832.]
 [2000. 2000. 4000.]]
Accuracy of se_5: 81 %
[[1699.  434. 2133.]
 [ 301. 1566. 1867.]
 [2000. 2000. 4000.]]
Accuracy of se_6: 81 %
[[1915.  648. 2563.]
 [  85. 1352. 1437.]
 [2000. 2000. 4000.]]
Accuracy of se_7: 83 %
[[1858.  508. 2366.]
 [ 142. 1492. 1634.]
 [2000. 2000. 4000.]]
Accuracy of se_8: 84 %
[[1589.  224. 1813.]
 [ 411. 1776. 2187.]
 [2000. 2000. 4000.]]
Accuracy of se_9: 86 %
[[1884.  421. 2305.]
 [ 116. 1579. 1695.]
 [2000. 2000. 4000.]]
Accuracy of se_10: 84 %
[[1950.  553. 2503.]
 [  50. 1447. 1497.]
 [2000. 2000. 4000.]]
Accuracy of se_11: 86 %
[[1683.  233. 1916.]
 [ 317. 1767. 2084.]
 [2000. 2000. 4000.]]
Accuracy of se_12: 87 %
[[1947.  453. 2400.]
 [  53. 1547. 1600.]
 [2000. 2000. 4000.]]
Accuracy of se_13: 88 %
[[1926.  387. 2313.]
 [  74. 1613. 1687.]
 [2000. 2000. 4000.]]
Accuracy of se_14: 88 %
[[1786.  233. 2019.]
 [ 214. 1767. 1981.]
 [2000. 2000. 4000.]]
Accuracy of se_15: 88 %
[[1958.  414. 2372.]
 [  42. 1586. 1628.]
 [2000. 2000. 4000.]]
Accuracy of se_16: 89 %
[[1902.  305. 2207.]
 [  98. 1695. 1793.]
 [2000. 2000. 4000.]]
Accuracy of se_17: 89 %
[[1929.  344. 2273.]
 [  71. 1656. 1727.]
 [2000. 2000. 4000.]]
Accuracy of se_18: 89 %
[[1827.  229. 2056.]
 [ 173. 1771. 1944.]
 [2000. 2000. 4000.]]
Accuracy of se_19: 90 %
[[1890.  281. 2171.]
 [ 110. 1719. 1829.]
 [2000. 2000. 4000.]]
Accuracy of se_20: 91 %
[[1934.  291. 2225.]
 [  66. 1709. 1775.]
 [2000. 2000. 4000.]]
Accuracy of se_21: 90 %
[[1889.  260. 2149.]
 [ 111. 1740. 1851.]
 [2000. 2000. 4000.]]
Accuracy of se_22: 90 %
[[1977.  353. 2330.]
 [  23. 1647. 1670.]
 [2000. 2000. 4000.]]
Accuracy of se_23: 89 %
[[1770.  207. 1977.]
 [ 230. 1793. 2023.]
 [2000. 2000. 4000.]]
Accuracy of se_24: 89 %
[[1987.  421. 2408.]
 [  13. 1579. 1592.]
 [2000. 2000. 4000.]]
Accuracy of se_25: 87 %
[[1693.  179. 1872.]
 [ 307. 1821. 2128.]
 [2000. 2000. 4000.]]
Accuracy of se_26: 91 %
[[1899.  239. 2138.]
 [ 101. 1761. 1862.]
 [2000. 2000. 4000.]]
Accuracy of se_27: 89 %
[[1907.  313. 2220.]
 [  93. 1687. 1780.]
 [2000. 2000. 4000.]]
Accuracy of se_28: 90 %
[[1953.  315. 2268.]
 [  47. 1685. 1732.]
 [2000. 2000. 4000.]]
Accuracy of se_29: 84 %
[[1501.  125. 1626.]
 [ 499. 1875. 2374.]
 [2000. 2000. 4000.]]
Finished Training
