Accuracy of se_0: 68 %
[[1622.  880. 2502.]
 [ 378. 1120. 1498.]
 [2000. 2000. 4000.]]
Accuracy of se_1: 68 %
[[1751. 1004. 2755.]
 [ 249.  996. 1245.]
 [2000. 2000. 4000.]]
Accuracy of se_2: 66 %
[[1912. 1254. 3166.]
 [  88.  746.  834.]
 [2000. 2000. 4000.]]
Accuracy of se_3: 69 %
[[1775.  981. 2756.]
 [ 225. 1019. 1244.]
 [2000. 2000. 4000.]]
Accuracy of se_4: 67 %
[[1460.  747. 2207.]
 [ 540. 1253. 1793.]
 [2000. 2000. 4000.]]
Accuracy of se_5: 70 %
[[1704.  893. 2597.]
 [ 296. 1107. 1403.]
 [2000. 2000. 4000.]]
Accuracy of se_6: 70 %
[[1660.  850. 2510.]
 [ 340. 1150. 1490.]
 [2000. 2000. 4000.]]
Accuracy of se_7: 69 %
[[1718.  936. 2654.]
 [ 282. 1064. 1346.]
 [2000. 2000. 4000.]]
Accuracy of se_8: 69 %
[[1741.  947. 2688.]
 [ 259. 1053. 1312.]
 [2000. 2000. 4000.]]
Accuracy of se_9: 69 %
[[1734.  962. 2696.]
 [ 266. 1038. 1304.]
 [2000. 2000. 4000.]]
Accuracy of se_10: 70 %
[[1553.  719. 2272.]
 [ 447. 1281. 1728.]
 [2000. 2000. 4000.]]
Accuracy of se_11: 74 %
[[1868.  880. 2748.]
 [ 132. 1120. 1252.]
 [2000. 2000. 4000.]]
Accuracy of se_12: 76 %
[[1772.  699. 2471.]
 [ 228. 1301. 1529.]
 [2000. 2000. 4000.]]
Accuracy of se_13: 75 %
[[1368.  329. 1697.]
 [ 632. 1671. 2303.]
 [2000. 2000. 4000.]]
Accuracy of se_14: 78 %
[[1678.  521. 2199.]
 [ 322. 1479. 1801.]
 [2000. 2000. 4000.]]
Accuracy of se_15: 79 %
[[1707.  531. 2238.]
 [ 293. 1469. 1762.]
 [2000. 2000. 4000.]]
Accuracy of se_16: 78 %
[[1930.  807. 2737.]
 [  70. 1193. 1263.]
 [2000. 2000. 4000.]]
Accuracy of se_17: 80 %
[[1780.  577. 2357.]
 [ 220. 1423. 1643.]
 [2000. 2000. 4000.]]
Accuracy of se_18: 79 %
[[1854.  691. 2545.]
 [ 146. 1309. 1455.]
 [2000. 2000. 4000.]]
Accuracy of se_19: 81 %
[[1791.  531. 2322.]
 [ 209. 1469. 1678.]
 [2000. 2000. 4000.]]
Accuracy of se_20: 79 %
[[1715.  532. 2247.]
 [ 285. 1468. 1753.]
 [2000. 2000. 4000.]]
Accuracy of se_21: 78 %
[[1560.  402. 1962.]
 [ 440. 1598. 2038.]
 [2000. 2000. 4000.]]
Accuracy of se_22: 80 %
[[1719.  517. 2236.]
 [ 281. 1483. 1764.]
 [2000. 2000. 4000.]]
Accuracy of se_23: 78 %
[[1864.  706. 2570.]
 [ 136. 1294. 1430.]
 [2000. 2000. 4000.]]
Accuracy of se_24: 79 %
[[1831.  643. 2474.]
 [ 169. 1357. 1526.]
 [2000. 2000. 4000.]]
Accuracy of se_25: 79 %
[[1756.  563. 2319.]
 [ 244. 1437. 1681.]
 [2000. 2000. 4000.]]
Accuracy of se_26: 79 %
[[1650.  469. 2119.]
 [ 350. 1531. 1881.]
 [2000. 2000. 4000.]]
Accuracy of se_27: 77 %
[[1453.  363. 1816.]
 [ 547. 1637. 2184.]
 [2000. 2000. 4000.]]
Accuracy of se_28: 79 %
[[1889.  690. 2579.]
 [ 111. 1310. 1421.]
 [2000. 2000. 4000.]]
Accuracy of se_29: 79 %
[[1723.  525. 2248.]
 [ 277. 1475. 1752.]
 [2000. 2000. 4000.]]
Finished Training