Accuracy of se_0: 69 %
[[1559.  760. 2319.]
 [ 441. 1240. 1681.]
 [2000. 2000. 4000.]]
Accuracy of se_1: 72 %
[[1451.  549. 2000.]
 [ 549. 1451. 2000.]
 [2000. 2000. 4000.]]
Accuracy of se_2: 75 %
[[1608.  579. 2187.]
 [ 392. 1421. 1813.]
 [2000. 2000. 4000.]]
Accuracy of se_3: 78 %
[[1803.  676. 2479.]
 [ 197. 1324. 1521.]
 [2000. 2000. 4000.]]
Accuracy of se_4: 78 %
[[1500.  377. 1877.]
 [ 500. 1623. 2123.]
 [2000. 2000. 4000.]]
Accuracy of se_5: 79 %
[[1850.  685. 2535.]
 [ 150. 1315. 1465.]
 [2000. 2000. 4000.]]
Accuracy of se_6: 81 %
[[1852.  598. 2450.]
 [ 148. 1402. 1550.]
 [2000. 2000. 4000.]]
Accuracy of se_7: 84 %
[[1781.  407. 2188.]
 [ 219. 1593. 1812.]
 [2000. 2000. 4000.]]
Accuracy of se_8: 84 %
[[1762.  391. 2153.]
 [ 238. 1609. 1847.]
 [2000. 2000. 4000.]]
Accuracy of se_9: 86 %
[[1912.  468. 2380.]
 [  88. 1532. 1620.]
 [2000. 2000. 4000.]]
Accuracy of se_10: 87 %
[[1772.  288. 2060.]
 [ 228. 1712. 1940.]
 [2000. 2000. 4000.]]
Accuracy of se_11: 88 %
[[1851.  312. 2163.]
 [ 149. 1688. 1837.]
 [2000. 2000. 4000.]]
Accuracy of se_12: 86 %
[[1694.  223. 1917.]
 [ 306. 1777. 2083.]
 [2000. 2000. 4000.]]
Accuracy of se_13: 90 %
[[1933.  311. 2244.]
 [  67. 1689. 1756.]
 [2000. 2000. 4000.]]
Accuracy of se_14: 85 %
[[1626.  195. 1821.]
 [ 374. 1805. 2179.]
 [2000. 2000. 4000.]]
Accuracy of se_15: 87 %
[[1797.  286. 2083.]
 [ 203. 1714. 1917.]
 [2000. 2000. 4000.]]
Accuracy of se_16: 90 %
[[1861.  239. 2100.]
 [ 139. 1761. 1900.]
 [2000. 2000. 4000.]]
Accuracy of se_17: 84 %
[[1556.  161. 1717.]
 [ 444. 1839. 2283.]
 [2000. 2000. 4000.]]
Accuracy of se_18: 90 %
[[1890.  266. 2156.]
 [ 110. 1734. 1844.]
 [2000. 2000. 4000.]]
Accuracy of se_19: 91 %
[[1896.  240. 2136.]
 [ 104. 1760. 1864.]
 [2000. 2000. 4000.]]
Accuracy of se_20: 90 %
[[1911.  299. 2210.]
 [  89. 1701. 1790.]
 [2000. 2000. 4000.]]
Accuracy of se_21: 91 %
[[1954.  300. 2254.]
 [  46. 1700. 1746.]
 [2000. 2000. 4000.]]
Accuracy of se_22: 91 %
[[1923.  250. 2173.]
 [  77. 1750. 1827.]
 [2000. 2000. 4000.]]
Accuracy of se_23: 91 %
[[1975.  321. 2296.]
 [  25. 1679. 1704.]
 [2000. 2000. 4000.]]
Accuracy of se_24: 90 %
[[1957.  318. 2275.]
 [  43. 1682. 1725.]
 [2000. 2000. 4000.]]
Accuracy of se_25: 92 %
[[1959.  277. 2236.]
 [  41. 1723. 1764.]
 [2000. 2000. 4000.]]
Accuracy of se_26: 90 %
[[1939.  322. 2261.]
 [  61. 1678. 1739.]
 [2000. 2000. 4000.]]
Accuracy of se_27: 91 %
[[1926.  269. 2195.]
 [  74. 1731. 1805.]
 [2000. 2000. 4000.]]
Accuracy of se_28: 90 %
[[1829.  210. 2039.]
 [ 171. 1790. 1961.]
 [2000. 2000. 4000.]]
Accuracy of se_29: 90 %
[[1977.  363. 2340.]
 [  23. 1637. 1660.]
 [2000. 2000. 4000.]]
Finished Training