Accuracy of se_0: 72 %
[[1634.  733. 2367.]
 [ 366. 1267. 1633.]
 [2000. 2000. 4000.]]
Accuracy of se_1: 71 %
[[1673.  809. 2482.]
 [ 327. 1191. 1518.]
 [2000. 2000. 4000.]]
Accuracy of se_2: 82 %
[[1743.  455. 2198.]
 [ 257. 1545. 1802.]
 [2000. 2000. 4000.]]
Accuracy of se_3: 86 %
[[1831.  382. 2213.]
 [ 169. 1618. 1787.]
 [2000. 2000. 4000.]]
Accuracy of se_4: 86 %
[[1940.  482. 2422.]
 [  60. 1518. 1578.]
 [2000. 2000. 4000.]]
Accuracy of se_5: 86 %
[[1756.  300. 2056.]
 [ 244. 1700. 1944.]
 [2000. 2000. 4000.]]
Accuracy of se_6: 87 %
[[1794.  309. 2103.]
 [ 206. 1691. 1897.]
 [2000. 2000. 4000.]]
Accuracy of se_7: 86 %
[[1807.  347. 2154.]
 [ 193. 1653. 1846.]
 [2000. 2000. 4000.]]
Accuracy of se_8: 86 %
[[1947.  507. 2454.]
 [  53. 1493. 1546.]
 [2000. 2000. 4000.]]
Accuracy of se_9: 87 %
[[1922.  405. 2327.]
 [  78. 1595. 1673.]
 [2000. 2000. 4000.]]
Accuracy of se_10: 88 %
[[1930.  382. 2312.]
 [  70. 1618. 1688.]
 [2000. 2000. 4000.]]
Accuracy of se_11: 87 %
[[1912.  409. 2321.]
 [  88. 1591. 1679.]
 [2000. 2000. 4000.]]
Accuracy of se_12: 88 %
[[1878.  346. 2224.]
 [ 122. 1654. 1776.]
 [2000. 2000. 4000.]]
Accuracy of se_13: 87 %
[[1923.  421. 2344.]
 [  77. 1579. 1656.]
 [2000. 2000. 4000.]]
Accuracy of se_14: 83 %
[[1821.  469. 2290.]
 [ 179. 1531. 1710.]
 [2000. 2000. 4000.]]
Accuracy of se_15: 88 %
[[1882.  348. 2230.]
 [ 118. 1652. 1770.]
 [2000. 2000. 4000.]]
Accuracy of se_16: 86 %
[[1866.  410. 2276.]
 [ 134. 1590. 1724.]
 [2000. 2000. 4000.]]
Accuracy of se_17: 86 %
[[1750.  288. 2038.]
 [ 250. 1712. 1962.]
 [2000. 2000. 4000.]]
Accuracy of se_18: 87 %
[[1854.  345. 2199.]
 [ 146. 1655. 1801.]
 [2000. 2000. 4000.]]
Accuracy of se_19: 86 %
[[1868.  410. 2278.]
 [ 132. 1590. 1722.]
 [2000. 2000. 4000.]]
Accuracy of se_20: 87 %
[[1951.  454. 2405.]
 [  49. 1546. 1595.]
 [2000. 2000. 4000.]]
Accuracy of se_21: 86 %
[[1721.  256. 1977.]
 [ 279. 1744. 2023.]
 [2000. 2000. 4000.]]
Accuracy of se_22: 87 %
[[1866.  370. 2236.]
 [ 134. 1630. 1764.]
 [2000. 2000. 4000.]]
Accuracy of se_23: 88 %
[[1872.  351. 2223.]
 [ 128. 1649. 1777.]
 [2000. 2000. 4000.]]
Accuracy of se_24: 87 %
[[1850.  337. 2187.]
 [ 150. 1663. 1813.]
 [2000. 2000. 4000.]]
Accuracy of se_25: 88 %
[[1868.  337. 2205.]
 [ 132. 1663. 1795.]
 [2000. 2000. 4000.]]
Accuracy of se_26: 88 %
[[1857.  330. 2187.]
 [ 143. 1670. 1813.]
 [2000. 2000. 4000.]]
Accuracy of se_27: 88 %
[[1921.  377. 2298.]
 [  79. 1623. 1702.]
 [2000. 2000. 4000.]]
Accuracy of se_28: 88 %
[[1904.  365. 2269.]
 [  96. 1635. 1731.]
 [2000. 2000. 4000.]]
Accuracy of se_29: 89 %
[[1904.  340. 2244.]
 [  96. 1660. 1756.]
 [2000. 2000. 4000.]]
Finished Training