Accuracy of se_0: 70 %
[[1676.  873. 2549.]
 [ 324. 1127. 1451.]
 [2000. 2000. 4000.]]
Accuracy of se_1: 69 %
[[1830. 1044. 2874.]
 [ 170.  956. 1126.]
 [2000. 2000. 4000.]]
Accuracy of se_2: 72 %
[[1749.  861. 2610.]
 [ 251. 1139. 1390.]
 [2000. 2000. 4000.]]
Accuracy of se_3: 76 %
[[1639.  589. 2228.]
 [ 361. 1411. 1772.]
 [2000. 2000. 4000.]]
Accuracy of se_4: 82 %
[[1824.  535. 2359.]
 [ 176. 1465. 1641.]
 [2000. 2000. 4000.]]
Accuracy of se_5: 80 %
[[1605.  395. 2000.]
 [ 395. 1605. 2000.]
 [2000. 2000. 4000.]]
Accuracy of se_6: 82 %
[[1842.  540. 2382.]
 [ 158. 1460. 1618.]
 [2000. 2000. 4000.]]
Accuracy of se_7: 81 %
[[1948.  697. 2645.]
 [  52. 1303. 1355.]
 [2000. 2000. 4000.]]
Accuracy of se_8: 83 %
[[1878.  534. 2412.]
 [ 122. 1466. 1588.]
 [2000. 2000. 4000.]]
Accuracy of se_9: 83 %
[[1829.  501. 2330.]
 [ 171. 1499. 1670.]
 [2000. 2000. 4000.]]
Accuracy of se_10: 83 %
[[1741.  405. 2146.]
 [ 259. 1595. 1854.]
 [2000. 2000. 4000.]]
Accuracy of se_11: 83 %
[[1833.  478. 2311.]
 [ 167. 1522. 1689.]
 [2000. 2000. 4000.]]
Accuracy of se_12: 81 %
[[1582.  313. 1895.]
 [ 418. 1687. 2105.]
 [2000. 2000. 4000.]]
Accuracy of se_13: 84 %
[[1842.  457. 2299.]
 [ 158. 1543. 1701.]
 [2000. 2000. 4000.]]
Accuracy of se_14: 84 %
[[1854.  484. 2338.]
 [ 146. 1516. 1662.]
 [2000. 2000. 4000.]]
Accuracy of se_15: 82 %
[[1848.  539. 2387.]
 [ 152. 1461. 1613.]
 [2000. 2000. 4000.]]
Accuracy of se_16: 82 %
[[1696.  381. 2077.]
 [ 304. 1619. 1923.]
 [2000. 2000. 4000.]]
Accuracy of se_17: 82 %
[[1896.  584. 2480.]
 [ 104. 1416. 1520.]
 [2000. 2000. 4000.]]
Accuracy of se_18: 83 %
[[1825.  473. 2298.]
 [ 175. 1527. 1702.]
 [2000. 2000. 4000.]]
Accuracy of se_19: 83 %
[[1864.  525. 2389.]
 [ 136. 1475. 1611.]
 [2000. 2000. 4000.]]
Accuracy of se_20: 82 %
[[1683.  372. 2055.]
 [ 317. 1628. 1945.]
 [2000. 2000. 4000.]]
Accuracy of se_21: 83 %
[[1713.  390. 2103.]
 [ 287. 1610. 1897.]
 [2000. 2000. 4000.]]
Accuracy of se_22: 84 %
[[1864.  502. 2366.]
 [ 136. 1498. 1634.]
 [2000. 2000. 4000.]]
Accuracy of se_23: 79 %
[[1452.  284. 1736.]
 [ 548. 1716. 2264.]
 [2000. 2000. 4000.]]
Accuracy of se_24: 84 %
[[1774.  412. 2186.]
 [ 226. 1588. 1814.]
 [2000. 2000. 4000.]]
Accuracy of se_25: 83 %
[[1725.  398. 2123.]
 [ 275. 1602. 1877.]
 [2000. 2000. 4000.]]
Accuracy of se_26: 82 %
[[1638.  348. 1986.]
 [ 362. 1652. 2014.]
 [2000. 2000. 4000.]]
Accuracy of se_27: 84 %
[[1856.  457. 2313.]
 [ 144. 1543. 1687.]
 [2000. 2000. 4000.]]
Accuracy of se_28: 81 %
[[1648.  380. 2028.]
 [ 352. 1620. 1972.]
 [2000. 2000. 4000.]]
Accuracy of se_29: 83 %
[[1844.  505. 2349.]
 [ 156. 1495. 1651.]
 [2000. 2000. 4000.]]
Finished Training