Accuracy of se_0: 65 %
[[1910. 1310. 3220.]
 [  90.  690.  780.]
 [2000. 2000. 4000.]]
Accuracy of se_1: 69 %
[[1626.  843. 2469.]
 [ 374. 1157. 1531.]
 [2000. 2000. 4000.]]
Accuracy of se_2: 68 %
[[1269.  538. 1807.]
 [ 731. 1462. 2193.]
 [2000. 2000. 4000.]]
Accuracy of se_3: 70 %
[[1664.  862. 2526.]
 [ 336. 1138. 1474.]
 [2000. 2000. 4000.]]
Accuracy of se_4: 71 %
[[1718.  840. 2558.]
 [ 282. 1160. 1442.]
 [2000. 2000. 4000.]]
Accuracy of se_5: 69 %
[[1636.  849. 2485.]
 [ 364. 1151. 1515.]
 [2000. 2000. 4000.]]
Accuracy of se_6: 72 %
[[1697.  806. 2503.]
 [ 303. 1194. 1497.]
 [2000. 2000. 4000.]]
Accuracy of se_7: 67 %
[[1941. 1232. 3173.]
 [  59.  768.  827.]
 [2000. 2000. 4000.]]
Accuracy of se_8: 76 %
[[1674.  616. 2290.]
 [ 326. 1384. 1710.]
 [2000. 2000. 4000.]]
Accuracy of se_9: 73 %
[[1195.  251. 1446.]
 [ 805. 1749. 2554.]
 [2000. 2000. 4000.]]
Accuracy of se_10: 80 %
[[1914.  685. 2599.]
 [  86. 1315. 1401.]
 [2000. 2000. 4000.]]
Accuracy of se_11: 82 %
[[1783.  490. 2273.]
 [ 217. 1510. 1727.]
 [2000. 2000. 4000.]]
Accuracy of se_12: 83 %
[[1768.  442. 2210.]
 [ 232. 1558. 1790.]
 [2000. 2000. 4000.]]
Accuracy of se_13: 82 %
[[1742.  444. 2186.]
 [ 258. 1556. 1814.]
 [2000. 2000. 4000.]]
Accuracy of se_14: 82 %
[[1677.  396. 2073.]
 [ 323. 1604. 1927.]
 [2000. 2000. 4000.]]
Accuracy of se_15: 82 %
[[1770.  455. 2225.]
 [ 230. 1545. 1775.]
 [2000. 2000. 4000.]]
Accuracy of se_16: 81 %
[[1860.  594. 2454.]
 [ 140. 1406. 1546.]
 [2000. 2000. 4000.]]
Accuracy of se_17: 81 %
[[1810.  536. 2346.]
 [ 190. 1464. 1654.]
 [2000. 2000. 4000.]]
Accuracy of se_18: 82 %
[[1827.  527. 2354.]
 [ 173. 1473. 1646.]
 [2000. 2000. 4000.]]
Accuracy of se_19: 82 %
[[1833.  534. 2367.]
 [ 167. 1466. 1633.]
 [2000. 2000. 4000.]]
Accuracy of se_20: 82 %
[[1803.  503. 2306.]
 [ 197. 1497. 1694.]
 [2000. 2000. 4000.]]
Accuracy of se_21: 82 %
[[1860.  541. 2401.]
 [ 140. 1459. 1599.]
 [2000. 2000. 4000.]]
Accuracy of se_22: 82 %
[[1803.  498. 2301.]
 [ 197. 1502. 1699.]
 [2000. 2000. 4000.]]
Accuracy of se_23: 83 %
[[1877.  529. 2406.]
 [ 123. 1471. 1594.]
 [2000. 2000. 4000.]]
Accuracy of se_24: 82 %
[[1740.  455. 2195.]
 [ 260. 1545. 1805.]
 [2000. 2000. 4000.]]
Accuracy of se_25: 83 %
[[1834.  487. 2321.]
 [ 166. 1513. 1679.]
 [2000. 2000. 4000.]]
Accuracy of se_26: 82 %
[[1815.  501. 2316.]
 [ 185. 1499. 1684.]
 [2000. 2000. 4000.]]
Accuracy of se_27: 83 %
[[1905.  582. 2487.]
 [  95. 1418. 1513.]
 [2000. 2000. 4000.]]
Accuracy of se_28: 82 %
[[1760.  450. 2210.]
 [ 240. 1550. 1790.]
 [2000. 2000. 4000.]]
Accuracy of se_29: 80 %
[[1519.  295. 1814.]
 [ 481. 1705. 2186.]
 [2000. 2000. 4000.]]
Finished Training