Accuracy of se_0: 68 %
[[1799. 1068. 2867.]
 [ 201.  932. 1133.]
 [2000. 2000. 4000.]]
Accuracy of se_1: 71 %
[[1084.  239. 1323.]
 [ 916. 1761. 2677.]
 [2000. 2000. 4000.]]
Accuracy of se_2: 81 %
[[1854.  577. 2431.]
 [ 146. 1423. 1569.]
 [2000. 2000. 4000.]]
Accuracy of se_3: 83 %
[[1907.  551. 2458.]
 [  93. 1449. 1542.]
 [2000. 2000. 4000.]]
Accuracy of se_4: 83 %
[[1904.  571. 2475.]
 [  96. 1429. 1525.]
 [2000. 2000. 4000.]]
Accuracy of se_5: 85 %
[[1954.  539. 2493.]
 [  46. 1461. 1507.]
 [2000. 2000. 4000.]]
Accuracy of se_6: 87 %
[[1721.  225. 1946.]
 [ 279. 1775. 2054.]
 [2000. 2000. 4000.]]
Accuracy of se_7: 87 %
[[1883.  364. 2247.]
 [ 117. 1636. 1753.]
 [2000. 2000. 4000.]]
Accuracy of se_8: 86 %
[[1963.  493. 2456.]
 [  37. 1507. 1544.]
 [2000. 2000. 4000.]]
Accuracy of se_9: 89 %
[[1802.  219. 2021.]
 [ 198. 1781. 1979.]
 [2000. 2000. 4000.]]
Accuracy of se_10: 90 %
[[1905.  272. 2177.]
 [  95. 1728. 1823.]
 [2000. 2000. 4000.]]
Accuracy of se_11: 90 %
[[1874.  242. 2116.]
 [ 126. 1758. 1884.]
 [2000. 2000. 4000.]]
Accuracy of se_12: 89 %
[[1981.  396. 2377.]
 [  19. 1604. 1623.]
 [2000. 2000. 4000.]]
Accuracy of se_13: 88 %
[[1722.  181. 1903.]
 [ 278. 1819. 2097.]
 [2000. 2000. 4000.]]
Accuracy of se_14: 91 %
[[1862.  197. 2059.]
 [ 138. 1803. 1941.]
 [2000. 2000. 4000.]]
Accuracy of se_15: 91 %
[[1895.  250. 2145.]
 [ 105. 1750. 1855.]
 [2000. 2000. 4000.]]
Accuracy of se_16: 90 %
[[1796.  195. 1991.]
 [ 204. 1805. 2009.]
 [2000. 2000. 4000.]]
Accuracy of se_17: 90 %
[[1844.  216. 2060.]
 [ 156. 1784. 1940.]
 [2000. 2000. 4000.]]
Accuracy of se_18: 90 %
[[1846.  207. 2053.]
 [ 154. 1793. 1947.]
 [2000. 2000. 4000.]]
Accuracy of se_19: 91 %
[[1900.  237. 2137.]
 [ 100. 1763. 1863.]
 [2000. 2000. 4000.]]
Accuracy of se_20: 91 %
[[1928.  275. 2203.]
 [  72. 1725. 1797.]
 [2000. 2000. 4000.]]
Accuracy of se_21: 90 %
[[1824.  202. 2026.]
 [ 176. 1798. 1974.]
 [2000. 2000. 4000.]]
Accuracy of se_22: 89 %
[[1755.  172. 1927.]
 [ 245. 1828. 2073.]
 [2000. 2000. 4000.]]
Accuracy of se_23: 91 %
[[1938.  260. 2198.]
 [  62. 1740. 1802.]
 [2000. 2000. 4000.]]
Accuracy of se_24: 92 %
[[1952.  262. 2214.]
 [  48. 1738. 1786.]
 [2000. 2000. 4000.]]
Accuracy of se_25: 91 %
[[1851.  204. 2055.]
 [ 149. 1796. 1945.]
 [2000. 2000. 4000.]]
Accuracy of se_26: 91 %
[[1969.  329. 2298.]
 [  31. 1671. 1702.]
 [2000. 2000. 4000.]]
Accuracy of se_27: 91 %
[[1967.  301. 2268.]
 [  33. 1699. 1732.]
 [2000. 2000. 4000.]]
Accuracy of se_28: 91 %
[[1956.  313. 2269.]
 [  44. 1687. 1731.]
 [2000. 2000. 4000.]]
Accuracy of se_29: 89 %
[[1774.  208. 1982.]
 [ 226. 1792. 2018.]
 [2000. 2000. 4000.]]
Finished Training