Accuracy of se_0: 72 %
[[1755.  845. 2600.]
 [ 245. 1155. 1400.]
 [2000. 2000. 4000.]]
Accuracy of se_1: 70 %
[[1577.  768. 2345.]
 [ 423. 1232. 1655.]
 [2000. 2000. 4000.]]
Accuracy of se_2: 71 %
[[1771.  892. 2663.]
 [ 229. 1108. 1337.]
 [2000. 2000. 4000.]]
Accuracy of se_3: 74 %
[[1626.  651. 2277.]
 [ 374. 1349. 1723.]
 [2000. 2000. 4000.]]
Accuracy of se_4: 75 %
[[1726.  713. 2439.]
 [ 274. 1287. 1561.]
 [2000. 2000. 4000.]]
Accuracy of se_5: 76 %
[[1865.  820. 2685.]
 [ 135. 1180. 1315.]
 [2000. 2000. 4000.]]
Accuracy of se_6: 76 %
[[1598.  530. 2128.]
 [ 402. 1470. 1872.]
 [2000. 2000. 4000.]]
Accuracy of se_7: 74 %
[[1738.  760. 2498.]
 [ 262. 1240. 1502.]
 [2000. 2000. 4000.]]
Accuracy of se_8: 78 %
[[1830.  705. 2535.]
 [ 170. 1295. 1465.]
 [2000. 2000. 4000.]]
Accuracy of se_9: 77 %
[[1693.  591. 2284.]
 [ 307. 1409. 1716.]
 [2000. 2000. 4000.]]
Accuracy of se_10: 77 %
[[1729.  614. 2343.]
 [ 271. 1386. 1657.]
 [2000. 2000. 4000.]]
Accuracy of se_11: 79 %
[[1701.  528. 2229.]
 [ 299. 1472. 1771.]
 [2000. 2000. 4000.]]
Accuracy of se_12: 80 %
[[1857.  656. 2513.]
 [ 143. 1344. 1487.]
 [2000. 2000. 4000.]]
Accuracy of se_13: 77 %
[[1853.  754. 2607.]
 [ 147. 1246. 1393.]
 [2000. 2000. 4000.]]
Accuracy of se_14: 77 %
[[1622.  533. 2155.]
 [ 378. 1467. 1845.]
 [2000. 2000. 4000.]]
Accuracy of se_15: 82 %
[[1685.  387. 2072.]
 [ 315. 1613. 1928.]
 [2000. 2000. 4000.]]
Accuracy of se_16: 80 %
[[1809.  607. 2416.]
 [ 191. 1393. 1584.]
 [2000. 2000. 4000.]]
Accuracy of se_17: 82 %
[[1833.  526. 2359.]
 [ 167. 1474. 1641.]
 [2000. 2000. 4000.]]
Accuracy of se_18: 83 %
[[1904.  580. 2484.]
 [  96. 1420. 1516.]
 [2000. 2000. 4000.]]
Accuracy of se_19: 84 %
[[1790.  417. 2207.]
 [ 210. 1583. 1793.]
 [2000. 2000. 4000.]]
Accuracy of se_20: 83 %
[[1681.  327. 2008.]
 [ 319. 1673. 1992.]
 [2000. 2000. 4000.]]
Accuracy of se_21: 84 %
[[1921.  544. 2465.]
 [  79. 1456. 1535.]
 [2000. 2000. 4000.]]
Accuracy of se_22: 85 %
[[1912.  484. 2396.]
 [  88. 1516. 1604.]
 [2000. 2000. 4000.]]
Accuracy of se_23: 85 %
[[1753.  346. 2099.]
 [ 247. 1654. 1901.]
 [2000. 2000. 4000.]]
Accuracy of se_24: 86 %
[[1785.  332. 2117.]
 [ 215. 1668. 1883.]
 [2000. 2000. 4000.]]
Accuracy of se_25: 87 %
[[1817.  316. 2133.]
 [ 183. 1684. 1867.]
 [2000. 2000. 4000.]]
Accuracy of se_26: 83 %
[[1600.  241. 1841.]
 [ 400. 1759. 2159.]
 [2000. 2000. 4000.]]
Accuracy of se_27: 87 %
[[1834.  340. 2174.]
 [ 166. 1660. 1826.]
 [2000. 2000. 4000.]]
Accuracy of se_28: 87 %
[[1827.  326. 2153.]
 [ 173. 1674. 1847.]
 [2000. 2000. 4000.]]
Accuracy of se_29: 86 %
[[1837.  359. 2196.]
 [ 163. 1641. 1804.]
 [2000. 2000. 4000.]]
Finished Training