Accuracy of se_0: 70 %
[[1721.  908. 2629.]
 [ 279. 1092. 1371.]
 [2000. 2000. 4000.]]
Accuracy of se_1: 68 %
[[1730.  987. 2717.]
 [ 270. 1013. 1283.]
 [2000. 2000. 4000.]]
Accuracy of se_2: 69 %
[[1692.  896. 2588.]
 [ 308. 1104. 1412.]
 [2000. 2000. 4000.]]
Accuracy of se_3: 69 %
[[1507.  736. 2243.]
 [ 493. 1264. 1757.]
 [2000. 2000. 4000.]]
Accuracy of se_4: 69 %
[[1716.  939. 2655.]
 [ 284. 1061. 1345.]
 [2000. 2000. 4000.]]
Accuracy of se_5: 70 %
[[1756.  935. 2691.]
 [ 244. 1065. 1309.]
 [2000. 2000. 4000.]]
Accuracy of se_6: 71 %
[[1752.  909. 2661.]
 [ 248. 1091. 1339.]
 [2000. 2000. 4000.]]
Accuracy of se_7: 70 %
[[1791.  985. 2776.]
 [ 209. 1015. 1224.]
 [2000. 2000. 4000.]]
Accuracy of se_8: 70 %
[[1583.  783. 2366.]
 [ 417. 1217. 1634.]
 [2000. 2000. 4000.]]
Accuracy of se_9: 69 %
[[1723.  928. 2651.]
 [ 277. 1072. 1349.]
 [2000. 2000. 4000.]]
Accuracy of se_10: 70 %
[[1642.  815. 2457.]
 [ 358. 1185. 1543.]
 [2000. 2000. 4000.]]
Accuracy of se_11: 70 %
[[1720.  909. 2629.]
 [ 280. 1091. 1371.]
 [2000. 2000. 4000.]]
Accuracy of se_12: 70 %
[[1814.  992. 2806.]
 [ 186. 1008. 1194.]
 [2000. 2000. 4000.]]
Accuracy of se_13: 70 %
[[1705.  889. 2594.]
 [ 295. 1111. 1406.]
 [2000. 2000. 4000.]]
Accuracy of se_14: 71 %
[[1726.  856. 2582.]
 [ 274. 1144. 1418.]
 [2000. 2000. 4000.]]
Accuracy of se_15: 72 %
[[1865.  959. 2824.]
 [ 135. 1041. 1176.]
 [2000. 2000. 4000.]]
Accuracy of se_16: 77 %
[[1628.  513. 2141.]
 [ 372. 1487. 1859.]
 [2000. 2000. 4000.]]
Accuracy of se_17: 77 %
[[1509.  403. 1912.]
 [ 491. 1597. 2088.]
 [2000. 2000. 4000.]]
Accuracy of se_18: 79 %
[[1866.  687. 2553.]
 [ 134. 1313. 1447.]
 [2000. 2000. 4000.]]
Accuracy of se_19: 79 %
[[1656.  467. 2123.]
 [ 344. 1533. 1877.]
 [2000. 2000. 4000.]]
Accuracy of se_20: 80 %
[[1759.  545. 2304.]
 [ 241. 1455. 1696.]
 [2000. 2000. 4000.]]
Accuracy of se_21: 80 %
[[1749.  518. 2267.]
 [ 251. 1482. 1733.]
 [2000. 2000. 4000.]]
Accuracy of se_22: 80 %
[[1869.  667. 2536.]
 [ 131. 1333. 1464.]
 [2000. 2000. 4000.]]
Accuracy of se_23: 81 %
[[1796.  554. 2350.]
 [ 204. 1446. 1650.]
 [2000. 2000. 4000.]]
Accuracy of se_24: 80 %
[[1760.  537. 2297.]
 [ 240. 1463. 1703.]
 [2000. 2000. 4000.]]
Accuracy of se_25: 79 %
[[1911.  717. 2628.]
 [  89. 1283. 1372.]
 [2000. 2000. 4000.]]
Accuracy of se_26: 80 %
[[1738.  517. 2255.]
 [ 262. 1483. 1745.]
 [2000. 2000. 4000.]]
Accuracy of se_27: 82 %
[[1848.  563. 2411.]
 [ 152. 1437. 1589.]
 [2000. 2000. 4000.]]
Accuracy of se_28: 80 %
[[1785.  562. 2347.]
 [ 215. 1438. 1653.]
 [2000. 2000. 4000.]]
Accuracy of se_29: 78 %
[[1532.  381. 1913.]
 [ 468. 1619. 2087.]
 [2000. 2000. 4000.]]
Finished Training