Accuracy of se_0: 71 %
[[1685.  839. 2524.]
 [ 315. 1161. 1476.]
 [2000. 2000. 4000.]]
Accuracy of se_1: 71 %
[[1809.  941. 2750.]
 [ 191. 1059. 1250.]
 [2000. 2000. 4000.]]
Accuracy of se_2: 70 %
[[1800.  991. 2791.]
 [ 200. 1009. 1209.]
 [2000. 2000. 4000.]]
Accuracy of se_3: 72 %
[[1547.  629. 2176.]
 [ 453. 1371. 1824.]
 [2000. 2000. 4000.]]
Accuracy of se_4: 75 %
[[1770.  744. 2514.]
 [ 230. 1256. 1486.]
 [2000. 2000. 4000.]]
Accuracy of se_5: 75 %
[[1791.  787. 2578.]
 [ 209. 1213. 1422.]
 [2000. 2000. 4000.]]
Accuracy of se_6: 78 %
[[1786.  641. 2427.]
 [ 214. 1359. 1573.]
 [2000. 2000. 4000.]]
Accuracy of se_7: 74 %
[[1365.  386. 1751.]
 [ 635. 1614. 2249.]
 [2000. 2000. 4000.]]
Accuracy of se_8: 78 %
[[1633.  480. 2113.]
 [ 367. 1520. 1887.]
 [2000. 2000. 4000.]]
Accuracy of se_9: 78 %
[[1779.  638. 2417.]
 [ 221. 1362. 1583.]
 [2000. 2000. 4000.]]
Accuracy of se_10: 74 %
[[1238.  278. 1516.]
 [ 762. 1722. 2484.]
 [2000. 2000. 4000.]]
Accuracy of se_11: 79 %
[[1754.  561. 2315.]
 [ 246. 1439. 1685.]
 [2000. 2000. 4000.]]
Accuracy of se_12: 79 %
[[1747.  551. 2298.]
 [ 253. 1449. 1702.]
 [2000. 2000. 4000.]]
Accuracy of se_13: 80 %
[[1746.  545. 2291.]
 [ 254. 1455. 1709.]
 [2000. 2000. 4000.]]
Accuracy of se_14: 75 %
[[1343.  311. 1654.]
 [ 657. 1689. 2346.]
 [2000. 2000. 4000.]]
Accuracy of se_15: 79 %
[[1879.  690. 2569.]
 [ 121. 1310. 1431.]
 [2000. 2000. 4000.]]
Accuracy of se_16: 81 %
[[1583.  338. 1921.]
 [ 417. 1662. 2079.]
 [2000. 2000. 4000.]]
Accuracy of se_17: 81 %
[[1874.  599. 2473.]
 [ 126. 1401. 1527.]
 [2000. 2000. 4000.]]
Accuracy of se_18: 83 %
[[1819.  470. 2289.]
 [ 181. 1530. 1711.]
 [2000. 2000. 4000.]]
Accuracy of se_19: 84 %
[[1803.  428. 2231.]
 [ 197. 1572. 1769.]
 [2000. 2000. 4000.]]
Accuracy of se_20: 84 %
[[1779.  415. 2194.]
 [ 221. 1585. 1806.]
 [2000. 2000. 4000.]]
Accuracy of se_21: 85 %
[[1821.  410. 2231.]
 [ 179. 1590. 1769.]
 [2000. 2000. 4000.]]
Accuracy of se_22: 84 %
[[1737.  359. 2096.]
 [ 263. 1641. 1904.]
 [2000. 2000. 4000.]]
Accuracy of se_23: 84 %
[[1743.  346. 2089.]
 [ 257. 1654. 1911.]
 [2000. 2000. 4000.]]
Accuracy of se_24: 84 %
[[1903.  531. 2434.]
 [  97. 1469. 1566.]
 [2000. 2000. 4000.]]
Accuracy of se_25: 84 %
[[1880.  511. 2391.]
 [ 120. 1489. 1609.]
 [2000. 2000. 4000.]]
Accuracy of se_26: 84 %
[[1694.  303. 1997.]
 [ 306. 1697. 2003.]
 [2000. 2000. 4000.]]
Accuracy of se_27: 84 %
[[1696.  310. 2006.]
 [ 304. 1690. 1994.]
 [2000. 2000. 4000.]]
Accuracy of se_28: 86 %
[[1888.  419. 2307.]
 [ 112. 1581. 1693.]
 [2000. 2000. 4000.]]
Accuracy of se_29: 86 %
[[1932.  475. 2407.]
 [  68. 1525. 1593.]
 [2000. 2000. 4000.]]
Finished Training