Accuracy of se_0: 68 %
[[1873. 1143. 3016.]
 [ 127.  857.  984.]
 [2000. 2000. 4000.]]
Accuracy of se_1: 71 %
[[1811.  964. 2775.]
 [ 189. 1036. 1225.]
 [2000. 2000. 4000.]]
Accuracy of se_2: 73 %
[[1432.  488. 1920.]
 [ 568. 1512. 2080.]
 [2000. 2000. 4000.]]
Accuracy of se_3: 71 %
[[1929. 1084. 3013.]
 [  71.  916.  987.]
 [2000. 2000. 4000.]]
Accuracy of se_4: 75 %
[[1835.  826. 2661.]
 [ 165. 1174. 1339.]
 [2000. 2000. 4000.]]
Accuracy of se_5: 74 %
[[1570.  575. 2145.]
 [ 430. 1425. 1855.]
 [2000. 2000. 4000.]]
Accuracy of se_6: 75 %
[[1772.  744. 2516.]
 [ 228. 1256. 1484.]
 [2000. 2000. 4000.]]
Accuracy of se_7: 77 %
[[1758.  655. 2413.]
 [ 242. 1345. 1587.]
 [2000. 2000. 4000.]]
Accuracy of se_8: 79 %
[[1516.  354. 1870.]
 [ 484. 1646. 2130.]
 [2000. 2000. 4000.]]
Accuracy of se_9: 80 %
[[1602.  388. 1990.]
 [ 398. 1612. 2010.]
 [2000. 2000. 4000.]]
Accuracy of se_10: 79 %
[[1947.  783. 2730.]
 [  53. 1217. 1270.]
 [2000. 2000. 4000.]]
Accuracy of se_11: 84 %
[[1841.  467. 2308.]
 [ 159. 1533. 1692.]
 [2000. 2000. 4000.]]
Accuracy of se_12: 83 %
[[1757.  414. 2171.]
 [ 243. 1586. 1829.]
 [2000. 2000. 4000.]]
Accuracy of se_13: 84 %
[[1813.  416. 2229.]
 [ 187. 1584. 1771.]
 [2000. 2000. 4000.]]
Accuracy of se_14: 84 %
[[1800.  413. 2213.]
 [ 200. 1587. 1787.]
 [2000. 2000. 4000.]]
Accuracy of se_15: 81 %
[[1971.  704. 2675.]
 [  29. 1296. 1325.]
 [2000. 2000. 4000.]]
Accuracy of se_16: 84 %
[[1665.  288. 1953.]
 [ 335. 1712. 2047.]
 [2000. 2000. 4000.]]
Accuracy of se_17: 85 %
[[1931.  497. 2428.]
 [  69. 1503. 1572.]
 [2000. 2000. 4000.]]
Accuracy of se_18: 85 %
[[1886.  478. 2364.]
 [ 114. 1522. 1636.]
 [2000. 2000. 4000.]]
Accuracy of se_19: 85 %
[[1924.  517. 2441.]
 [  76. 1483. 1559.]
 [2000. 2000. 4000.]]
Accuracy of se_20: 79 %
[[1436.  238. 1674.]
 [ 564. 1762. 2326.]
 [2000. 2000. 4000.]]
Accuracy of se_21: 85 %
[[1927.  508. 2435.]
 [  73. 1492. 1565.]
 [2000. 2000. 4000.]]
Accuracy of se_22: 83 %
[[1939.  610. 2549.]
 [  61. 1390. 1451.]
 [2000. 2000. 4000.]]
Accuracy of se_23: 85 %
[[1878.  444. 2322.]
 [ 122. 1556. 1678.]
 [2000. 2000. 4000.]]
Accuracy of se_24: 85 %
[[1906.  492. 2398.]
 [  94. 1508. 1602.]
 [2000. 2000. 4000.]]
Accuracy of se_25: 85 %
[[1843.  411. 2254.]
 [ 157. 1589. 1746.]
 [2000. 2000. 4000.]]
Accuracy of se_26: 86 %
[[1861.  415. 2276.]
 [ 139. 1585. 1724.]
 [2000. 2000. 4000.]]
Accuracy of se_27: 84 %
[[1755.  361. 2116.]
 [ 245. 1639. 1884.]
 [2000. 2000. 4000.]]
Accuracy of se_28: 85 %
[[1896.  468. 2364.]
 [ 104. 1532. 1636.]
 [2000. 2000. 4000.]]
Accuracy of se_29: 85 %
[[1880.  461. 2341.]
 [ 120. 1539. 1659.]
 [2000. 2000. 4000.]]
Finished Training