Accuracy of se_0: 68 %
[[1867. 1123. 2990.]
 [ 133.  877. 1010.]
 [2000. 2000. 4000.]]
Accuracy of se_1: 69 %
[[1446.  660. 2106.]
 [ 554. 1340. 1894.]
 [2000. 2000. 4000.]]
Accuracy of se_2: 70 %
[[1662.  841. 2503.]
 [ 338. 1159. 1497.]
 [2000. 2000. 4000.]]
Accuracy of se_3: 72 %
[[1810.  899. 2709.]
 [ 190. 1101. 1291.]
 [2000. 2000. 4000.]]
Accuracy of se_4: 76 %
[[1535.  484. 2019.]
 [ 465. 1516. 1981.]
 [2000. 2000. 4000.]]
Accuracy of se_5: 80 %
[[1809.  597. 2406.]
 [ 191. 1403. 1594.]
 [2000. 2000. 4000.]]
Accuracy of se_6: 82 %
[[1555.  266. 1821.]
 [ 445. 1734. 2179.]
 [2000. 2000. 4000.]]
Accuracy of se_7: 85 %
[[1831.  405. 2236.]
 [ 169. 1595. 1764.]
 [2000. 2000. 4000.]]
Accuracy of se_8: 87 %
[[1774.  282. 2056.]
 [ 226. 1718. 1944.]
 [2000. 2000. 4000.]]
Accuracy of se_9: 89 %
[[1904.  339. 2243.]
 [  96. 1661. 1757.]
 [2000. 2000. 4000.]]
Accuracy of se_10: 89 %
[[1898.  338. 2236.]
 [ 102. 1662. 1764.]
 [2000. 2000. 4000.]]
Accuracy of se_11: 88 %
[[1798.  248. 2046.]
 [ 202. 1752. 1954.]
 [2000. 2000. 4000.]]
Accuracy of se_12: 89 %
[[1897.  327. 2224.]
 [ 103. 1673. 1776.]
 [2000. 2000. 4000.]]
Accuracy of se_13: 90 %
[[1845.  241. 2086.]
 [ 155. 1759. 1914.]
 [2000. 2000. 4000.]]
Accuracy of se_14: 89 %
[[1948.  385. 2333.]
 [  52. 1615. 1667.]
 [2000. 2000. 4000.]]
Accuracy of se_15: 88 %
[[1803.  251. 2054.]
 [ 197. 1749. 1946.]
 [2000. 2000. 4000.]]
Accuracy of se_16: 89 %
[[1916.  338. 2254.]
 [  84. 1662. 1746.]
 [2000. 2000. 4000.]]
Accuracy of se_17: 89 %
[[1958.  379. 2337.]
 [  42. 1621. 1663.]
 [2000. 2000. 4000.]]
Accuracy of se_18: 89 %
[[1762.  198. 1960.]
 [ 238. 1802. 2040.]
 [2000. 2000. 4000.]]
Accuracy of se_19: 90 %
[[1894.  260. 2154.]
 [ 106. 1740. 1846.]
 [2000. 2000. 4000.]]
Accuracy of se_20: 87 %
[[1691.  179. 1870.]
 [ 309. 1821. 2130.]
 [2000. 2000. 4000.]]
Accuracy of se_21: 90 %
[[1882.  244. 2126.]
 [ 118. 1756. 1874.]
 [2000. 2000. 4000.]]
Accuracy of se_22: 90 %
[[1879.  261. 2140.]
 [ 121. 1739. 1860.]
 [2000. 2000. 4000.]]
Accuracy of se_23: 90 %
[[1958.  319. 2277.]
 [  42. 1681. 1723.]
 [2000. 2000. 4000.]]
Accuracy of se_24: 91 %
[[1909.  268. 2177.]
 [  91. 1732. 1823.]
 [2000. 2000. 4000.]]
Accuracy of se_25: 90 %
[[1870.  258. 2128.]
 [ 130. 1742. 1872.]
 [2000. 2000. 4000.]]
Accuracy of se_26: 90 %
[[1902.  276. 2178.]
 [  98. 1724. 1822.]
 [2000. 2000. 4000.]]
Accuracy of se_27: 89 %
[[1795.  220. 2015.]
 [ 205. 1780. 1985.]
 [2000. 2000. 4000.]]
Accuracy of se_28: 91 %
[[1925.  281. 2206.]
 [  75. 1719. 1794.]
 [2000. 2000. 4000.]]
Accuracy of se_29: 90 %
[[1829.  217. 2046.]
 [ 171. 1783. 1954.]
 [2000. 2000. 4000.]]
Finished Training