Accuracy of se_0: 70 %
[[1795.  972. 2767.]
 [ 205. 1028. 1233.]
 [2000. 2000. 4000.]]
Accuracy of se_1: 69 %
[[1665.  875. 2540.]
 [ 335. 1125. 1460.]
 [2000. 2000. 4000.]]
Accuracy of se_2: 72 %
[[1645.  756. 2401.]
 [ 355. 1244. 1599.]
 [2000. 2000. 4000.]]
Accuracy of se_3: 76 %
[[1578.  526. 2104.]
 [ 422. 1474. 1896.]
 [2000. 2000. 4000.]]
Accuracy of se_4: 77 %
[[1840.  726. 2566.]
 [ 160. 1274. 1434.]
 [2000. 2000. 4000.]]
Accuracy of se_5: 79 %
[[1732.  558. 2290.]
 [ 268. 1442. 1710.]
 [2000. 2000. 4000.]]
Accuracy of se_6: 80 %
[[1791.  590. 2381.]
 [ 209. 1410. 1619.]
 [2000. 2000. 4000.]]
Accuracy of se_7: 78 %
[[1549.  403. 1952.]
 [ 451. 1597. 2048.]
 [2000. 2000. 4000.]]
Accuracy of se_8: 78 %
[[1638.  481. 2119.]
 [ 362. 1519. 1881.]
 [2000. 2000. 4000.]]
Accuracy of se_9: 78 %
[[1731.  579. 2310.]
 [ 269. 1421. 1690.]
 [2000. 2000. 4000.]]
Accuracy of se_10: 78 %
[[1584.  434. 2018.]
 [ 416. 1566. 1982.]
 [2000. 2000. 4000.]]
Accuracy of se_11: 80 %
[[1671.  453. 2124.]
 [ 329. 1547. 1876.]
 [2000. 2000. 4000.]]
Accuracy of se_12: 79 %
[[1635.  471. 2106.]
 [ 365. 1529. 1894.]
 [2000. 2000. 4000.]]
Accuracy of se_13: 80 %
[[1696.  481. 2177.]
 [ 304. 1519. 1823.]
 [2000. 2000. 4000.]]
Accuracy of se_14: 78 %
[[1801.  679. 2480.]
 [ 199. 1321. 1520.]
 [2000. 2000. 4000.]]
Accuracy of se_15: 79 %
[[1633.  451. 2084.]
 [ 367. 1549. 1916.]
 [2000. 2000. 4000.]]
Accuracy of se_16: 80 %
[[1883.  658. 2541.]
 [ 117. 1342. 1459.]
 [2000. 2000. 4000.]]
Accuracy of se_17: 80 %
[[1748.  537. 2285.]
 [ 252. 1463. 1715.]
 [2000. 2000. 4000.]]
Accuracy of se_18: 80 %
[[1811.  583. 2394.]
 [ 189. 1417. 1606.]
 [2000. 2000. 4000.]]
Accuracy of se_19: 80 %
[[1876.  673. 2549.]
 [ 124. 1327. 1451.]
 [2000. 2000. 4000.]]
Accuracy of se_20: 80 %
[[1894.  684. 2578.]
 [ 106. 1316. 1422.]
 [2000. 2000. 4000.]]
Accuracy of se_21: 81 %
[[1800.  550. 2350.]
 [ 200. 1450. 1650.]
 [2000. 2000. 4000.]]
Accuracy of se_22: 80 %
[[1873.  653. 2526.]
 [ 127. 1347. 1474.]
 [2000. 2000. 4000.]]
Accuracy of se_23: 81 %
[[1820.  575. 2395.]
 [ 180. 1425. 1605.]
 [2000. 2000. 4000.]]
Accuracy of se_24: 80 %
[[1829.  596. 2425.]
 [ 171. 1404. 1575.]
 [2000. 2000. 4000.]]
Accuracy of se_25: 80 %
[[1814.  575. 2389.]
 [ 186. 1425. 1611.]
 [2000. 2000. 4000.]]
Accuracy of se_26: 81 %
[[1800.  555. 2355.]
 [ 200. 1445. 1645.]
 [2000. 2000. 4000.]]
Accuracy of se_27: 80 %
[[1676.  457. 2133.]
 [ 324. 1543. 1867.]
 [2000. 2000. 4000.]]
Accuracy of se_28: 80 %
[[1871.  661. 2532.]
 [ 129. 1339. 1468.]
 [2000. 2000. 4000.]]
Accuracy of se_29: 80 %
[[1826.  592. 2418.]
 [ 174. 1408. 1582.]
 [2000. 2000. 4000.]]
Finished Training