Accuracy of se_0: 70 %
[[1665.  861. 2526.]
 [ 335. 1139. 1474.]
 [2000. 2000. 4000.]]
Accuracy of se_1: 70 %
[[1671.  844. 2515.]
 [ 329. 1156. 1485.]
 [2000. 2000. 4000.]]
Accuracy of se_2: 72 %
[[1656.  767. 2423.]
 [ 344. 1233. 1577.]
 [2000. 2000. 4000.]]
Accuracy of se_3: 70 %
[[1715.  877. 2592.]
 [ 285. 1123. 1408.]
 [2000. 2000. 4000.]]
Accuracy of se_4: 71 %
[[1726.  855. 2581.]
 [ 274. 1145. 1419.]
 [2000. 2000. 4000.]]
Accuracy of se_5: 71 %
[[1757.  900. 2657.]
 [ 243. 1100. 1343.]
 [2000. 2000. 4000.]]
Accuracy of se_6: 72 %
[[1456.  550. 2006.]
 [ 544. 1450. 1994.]
 [2000. 2000. 4000.]]
Accuracy of se_7: 77 %
[[1732.  648. 2380.]
 [ 268. 1352. 1620.]
 [2000. 2000. 4000.]]
Accuracy of se_8: 78 %
[[1747.  593. 2340.]
 [ 253. 1407. 1660.]
 [2000. 2000. 4000.]]
Accuracy of se_9: 80 %
[[1755.  544. 2299.]
 [ 245. 1456. 1701.]
 [2000. 2000. 4000.]]
Accuracy of se_10: 82 %
[[1860.  567. 2427.]
 [ 140. 1433. 1573.]
 [2000. 2000. 4000.]]
Accuracy of se_11: 82 %
[[1760.  479. 2239.]
 [ 240. 1521. 1761.]
 [2000. 2000. 4000.]]
Accuracy of se_12: 82 %
[[1750.  444. 2194.]
 [ 250. 1556. 1806.]
 [2000. 2000. 4000.]]
Accuracy of se_13: 82 %
[[1762.  447. 2209.]
 [ 238. 1553. 1791.]
 [2000. 2000. 4000.]]
Accuracy of se_14: 82 %
[[1786.  506. 2292.]
 [ 214. 1494. 1708.]
 [2000. 2000. 4000.]]
Accuracy of se_15: 83 %
[[1838.  511. 2349.]
 [ 162. 1489. 1651.]
 [2000. 2000. 4000.]]
Accuracy of se_16: 83 %
[[1762.  422. 2184.]
 [ 238. 1578. 1816.]
 [2000. 2000. 4000.]]
Accuracy of se_17: 82 %
[[1661.  360. 2021.]
 [ 339. 1640. 1979.]
 [2000. 2000. 4000.]]
Accuracy of se_18: 83 %
[[1814.  474. 2288.]
 [ 186. 1526. 1712.]
 [2000. 2000. 4000.]]
Accuracy of se_19: 83 %
[[1865.  510. 2375.]
 [ 135. 1490. 1625.]
 [2000. 2000. 4000.]]
Accuracy of se_20: 83 %
[[1741.  394. 2135.]
 [ 259. 1606. 1865.]
 [2000. 2000. 4000.]]
Accuracy of se_21: 83 %
[[1817.  475. 2292.]
 [ 183. 1525. 1708.]
 [2000. 2000. 4000.]]
Accuracy of se_22: 79 %
[[1472.  274. 1746.]
 [ 528. 1726. 2254.]
 [2000. 2000. 4000.]]
Accuracy of se_23: 83 %
[[1844.  485. 2329.]
 [ 156. 1515. 1671.]
 [2000. 2000. 4000.]]
Accuracy of se_24: 84 %
[[1920.  558. 2478.]
 [  80. 1442. 1522.]
 [2000. 2000. 4000.]]
Accuracy of se_25: 83 %
[[1894.  544. 2438.]
 [ 106. 1456. 1562.]
 [2000. 2000. 4000.]]
Accuracy of se_26: 84 %
[[1870.  497. 2367.]
 [ 130. 1503. 1633.]
 [2000. 2000. 4000.]]
Accuracy of se_27: 84 %
[[1894.  510. 2404.]
 [ 106. 1490. 1596.]
 [2000. 2000. 4000.]]
Accuracy of se_28: 84 %
[[1818.  452. 2270.]
 [ 182. 1548. 1730.]
 [2000. 2000. 4000.]]