Accuracy of se_0: 63 %
[[1157.  634. 1791.]
 [ 843. 1366. 2209.]
 [2000. 2000. 4000.]]
Accuracy of se_1: 71 %
[[1803.  931. 2734.]
 [ 197. 1069. 1266.]
 [2000. 2000. 4000.]]
Accuracy of se_2: 73 %
[[1740.  785. 2525.]
 [ 260. 1215. 1475.]
 [2000. 2000. 4000.]]
Accuracy of se_3: 72 %
[[1785.  878. 2663.]
 [ 215. 1122. 1337.]
 [2000. 2000. 4000.]]
Accuracy of se_4: 74 %
[[1535.  551. 2086.]
 [ 465. 1449. 1914.]
 [2000. 2000. 4000.]]
Accuracy of se_5: 71 %
[[1393.  521. 1914.]
 [ 607. 1479. 2086.]
 [2000. 2000. 4000.]]
Accuracy of se_6: 73 %
[[1725.  785. 2510.]
 [ 275. 1215. 1490.]
 [2000. 2000. 4000.]]
Accuracy of se_7: 75 %
[[1688.  678. 2366.]
 [ 312. 1322. 1634.]
 [2000. 2000. 4000.]]
Accuracy of se_8: 76 %
[[1724.  664. 2388.]
 [ 276. 1336. 1612.]
 [2000. 2000. 4000.]]
Accuracy of se_9: 75 %
[[1751.  720. 2471.]
 [ 249. 1280. 1529.]
 [2000. 2000. 4000.]]
Accuracy of se_10: 75 %
[[1614.  584. 2198.]
 [ 386. 1416. 1802.]
 [2000. 2000. 4000.]]
Accuracy of se_11: 77 %
[[1699.  590. 2289.]
 [ 301. 1410. 1711.]
 [2000. 2000. 4000.]]
Accuracy of se_12: 80 %
[[1845.  611. 2456.]
 [ 155. 1389. 1544.]
 [2000. 2000. 4000.]]
Accuracy of se_13: 79 %
[[1698.  538. 2236.]
 [ 302. 1462. 1764.]
 [2000. 2000. 4000.]]
Accuracy of se_14: 81 %
[[1804.  530. 2334.]
 [ 196. 1470. 1666.]
 [2000. 2000. 4000.]]
Accuracy of se_15: 81 %
[[1819.  557. 2376.]
 [ 181. 1443. 1624.]
 [2000. 2000. 4000.]]
Accuracy of se_16: 79 %
[[1601.  422. 2023.]
 [ 399. 1578. 1977.]
 [2000. 2000. 4000.]]
Accuracy of se_17: 81 %
[[1873.  595. 2468.]
 [ 127. 1405. 1532.]
 [2000. 2000. 4000.]]
Accuracy of se_18: 82 %
[[1842.  561. 2403.]
 [ 158. 1439. 1597.]
 [2000. 2000. 4000.]]
Accuracy of se_19: 82 %
[[1869.  556. 2425.]
 [ 131. 1444. 1575.]
 [2000. 2000. 4000.]]
Accuracy of se_20: 81 %
[[1688.  414. 2102.]
 [ 312. 1586. 1898.]
 [2000. 2000. 4000.]]
Accuracy of se_21: 82 %
[[1835.  540. 2375.]
 [ 165. 1460. 1625.]
 [2000. 2000. 4000.]]
Accuracy of se_22: 79 %
[[1492.  307. 1799.]
 [ 508. 1693. 2201.]
 [2000. 2000. 4000.]]
Accuracy of se_23: 82 %
[[1736.  454. 2190.]
 [ 264. 1546. 1810.]
 [2000. 2000. 4000.]]
Accuracy of se_24: 82 %
[[1903.  607. 2510.]
 [  97. 1393. 1490.]
 [2000. 2000. 4000.]]
Accuracy of se_25: 81 %
[[1641.  365. 2006.]
 [ 359. 1635. 1994.]
 [2000. 2000. 4000.]]
Accuracy of se_26: 82 %
[[1728.  423. 2151.]
 [ 272. 1577. 1849.]
 [2000. 2000. 4000.]]
Accuracy of se_27: 82 %
[[1711.  427. 2138.]
 [ 289. 1573. 1862.]
 [2000. 2000. 4000.]]
Accuracy of se_28: 82 %
[[1832.  527. 2359.]
 [ 168. 1473. 1641.]
 [2000. 2000. 4000.]]
Accuracy of se_29: 80 %
[[1894.  675. 2569.]
 [ 106. 1325. 1431.]
 [2000. 2000. 4000.]]
Finished Training