Accuracy of se_0: 68 %
[[1211.  491. 1702.]
 [ 789. 1509. 2298.]
 [2000. 2000. 4000.]]
Accuracy of se_1: 70 %
[[1503.  682. 2185.]
 [ 497. 1318. 1815.]
 [2000. 2000. 4000.]]
Accuracy of se_2: 78 %
[[1470.  333. 1803.]
 [ 530. 1667. 2197.]
 [2000. 2000. 4000.]]
Accuracy of se_3: 81 %
[[1787.  532. 2319.]
 [ 213. 1468. 1681.]
 [2000. 2000. 4000.]]
Accuracy of se_4: 80 %
[[1500.  285. 1785.]
 [ 500. 1715. 2215.]
 [2000. 2000. 4000.]]
Accuracy of se_5: 83 %
[[1727.  382. 2109.]
 [ 273. 1618. 1891.]
 [2000. 2000. 4000.]]
Accuracy of se_6: 85 %
[[1652.  236. 1888.]
 [ 348. 1764. 2112.]
 [2000. 2000. 4000.]]
Accuracy of se_7: 88 %
[[1866.  341. 2207.]
 [ 134. 1659. 1793.]
 [2000. 2000. 4000.]]
Accuracy of se_8: 88 %
[[1811.  275. 2086.]
 [ 189. 1725. 1914.]
 [2000. 2000. 4000.]]
Accuracy of se_9: 88 %
[[1898.  342. 2240.]
 [ 102. 1658. 1760.]
 [2000. 2000. 4000.]]
Accuracy of se_10: 89 %
[[1868.  295. 2163.]
 [ 132. 1705. 1837.]
 [2000. 2000. 4000.]]
Accuracy of se_11: 88 %
[[1845.  286. 2131.]
 [ 155. 1714. 1869.]
 [2000. 2000. 4000.]]
Accuracy of se_12: 89 %
[[1927.  358. 2285.]
 [  73. 1642. 1715.]
 [2000. 2000. 4000.]]
Accuracy of se_13: 89 %
[[1829.  238. 2067.]
 [ 171. 1762. 1933.]
 [2000. 2000. 4000.]]
Accuracy of se_14: 90 %
[[1925.  315. 2240.]
 [  75. 1685. 1760.]
 [2000. 2000. 4000.]]
Accuracy of se_15: 90 %
[[1932.  311. 2243.]
 [  68. 1689. 1757.]
 [2000. 2000. 4000.]]
Accuracy of se_16: 89 %
[[1796.  221. 2017.]
 [ 204. 1779. 1983.]
 [2000. 2000. 4000.]]
Accuracy of se_17: 90 %
[[1893.  259. 2152.]
 [ 107. 1741. 1848.]
 [2000. 2000. 4000.]]
Accuracy of se_18: 89 %
[[1821.  233. 2054.]
 [ 179. 1767. 1946.]
 [2000. 2000. 4000.]]
Accuracy of se_19: 90 %
[[1849.  225. 2074.]
 [ 151. 1775. 1926.]
 [2000. 2000. 4000.]]
Accuracy of se_20: 90 %
[[1974.  344. 2318.]
 [  26. 1656. 1682.]
 [2000. 2000. 4000.]]
Accuracy of se_21: 91 %
[[1934.  284. 2218.]
 [  66. 1716. 1782.]
 [2000. 2000. 4000.]]
Accuracy of se_22: 89 %
[[1764.  197. 1961.]
 [ 236. 1803. 2039.]
 [2000. 2000. 4000.]]
Accuracy of se_23: 91 %
[[1891.  239. 2130.]
 [ 109. 1761. 1870.]
 [2000. 2000. 4000.]]
Accuracy of se_24: 91 %
[[1918.  269. 2187.]
 [  82. 1731. 1813.]
 [2000. 2000. 4000.]]
Accuracy of se_25: 91 %
[[1923.  255. 2178.]
 [  77. 1745. 1822.]
 [2000. 2000. 4000.]]
Accuracy of se_26: 90 %
[[1845.  223. 2068.]
 [ 155. 1777. 1932.]
 [2000. 2000. 4000.]]
Accuracy of se_27: 91 %
[[1884.  228. 2112.]
 [ 116. 1772. 1888.]
 [2000. 2000. 4000.]]
Accuracy of se_28: 89 %
[[1821.  244. 2065.]
 [ 179. 1756. 1935.]
 [2000. 2000. 4000.]]
Accuracy of se_29: 90 %
[[1773.  164. 1937.]
 [ 227. 1836. 2063.]
 [2000. 2000. 4000.]]
Finished Training