Accuracy of se_0: 70 %
[[1845. 1011. 2856.]
 [ 155.  989. 1144.]
 [2000. 2000. 4000.]]
Accuracy of se_1: 70 %
[[1850. 1019. 2869.]
 [ 150.  981. 1131.]
 [2000. 2000. 4000.]]
Accuracy of se_2: 74 %
[[1583.  621. 2204.]
 [ 417. 1379. 1796.]
 [2000. 2000. 4000.]]
Accuracy of se_3: 73 %
[[1896.  940. 2836.]
 [ 104. 1060. 1164.]
 [2000. 2000. 4000.]]
Accuracy of se_4: 78 %
[[1779.  631. 2410.]
 [ 221. 1369. 1590.]
 [2000. 2000. 4000.]]
Accuracy of se_5: 80 %
[[1709.  474. 2183.]
 [ 291. 1526. 1817.]
 [2000. 2000. 4000.]]
Accuracy of se_6: 82 %
[[1818.  528. 2346.]
 [ 182. 1472. 1654.]
 [2000. 2000. 4000.]]
Accuracy of se_7: 82 %
[[1785.  475. 2260.]
 [ 215. 1525. 1740.]
 [2000. 2000. 4000.]]
Accuracy of se_8: 83 %
[[1732.  407. 2139.]
 [ 268. 1593. 1861.]
 [2000. 2000. 4000.]]
Accuracy of se_9: 81 %
[[1583.  321. 1904.]
 [ 417. 1679. 2096.]
 [2000. 2000. 4000.]]
Accuracy of se_10: 85 %
[[1840.  438. 2278.]
 [ 160. 1562. 1722.]
 [2000. 2000. 4000.]]
Accuracy of se_11: 86 %
[[1860.  399. 2259.]
 [ 140. 1601. 1741.]
 [2000. 2000. 4000.]]
Accuracy of se_12: 86 %
[[1793.  353. 2146.]
 [ 207. 1647. 1854.]
 [2000. 2000. 4000.]]
Accuracy of se_13: 86 %
[[1759.  292. 2051.]
 [ 241. 1708. 1949.]
 [2000. 2000. 4000.]]
Accuracy of se_14: 86 %
[[1691.  217. 1908.]
 [ 309. 1783. 2092.]
 [2000. 2000. 4000.]]
Accuracy of se_15: 86 %
[[1835.  358. 2193.]
 [ 165. 1642. 1807.]
 [2000. 2000. 4000.]]
Accuracy of se_16: 86 %
[[1813.  340. 2153.]
 [ 187. 1660. 1847.]
 [2000. 2000. 4000.]]
Accuracy of se_17: 87 %
[[1862.  357. 2219.]
 [ 138. 1643. 1781.]
 [2000. 2000. 4000.]]
Accuracy of se_18: 87 %
[[1894.  377. 2271.]
 [ 106. 1623. 1729.]
 [2000. 2000. 4000.]]
Accuracy of se_19: 88 %
[[1902.  358. 2260.]
 [  98. 1642. 1740.]
 [2000. 2000. 4000.]]
Accuracy of se_20: 87 %
[[1917.  404. 2321.]
 [  83. 1596. 1679.]
 [2000. 2000. 4000.]]
Accuracy of se_21: 88 %
[[1889.  339. 2228.]
 [ 111. 1661. 1772.]
 [2000. 2000. 4000.]]
Accuracy of se_22: 87 %
[[1891.  381. 2272.]
 [ 109. 1619. 1728.]
 [2000. 2000. 4000.]]
Accuracy of se_23: 87 %
[[1960.  457. 2417.]
 [  40. 1543. 1583.]
 [2000. 2000. 4000.]]
Accuracy of se_24: 88 %
[[1929.  403. 2332.]
 [  71. 1597. 1668.]
 [2000. 2000. 4000.]]
Accuracy of se_25: 89 %
[[1945.  378. 2323.]
 [  55. 1622. 1677.]
 [2000. 2000. 4000.]]
Accuracy of se_26: 87 %
[[1776.  258. 2034.]
 [ 224. 1742. 1966.]
 [2000. 2000. 4000.]]
Accuracy of se_27: 88 %
[[1825.  297. 2122.]
 [ 175. 1703. 1878.]
 [2000. 2000. 4000.]]
Accuracy of se_28: 88 %
[[1863.  333. 2196.]
 [ 137. 1667. 1804.]
 [2000. 2000. 4000.]]
Accuracy of se_29: 85 %
[[1668.  245. 1913.]
 [ 332. 1755. 2087.]
 [2000. 2000. 4000.]]
Finished Training