Accuracy of se_0: 66 %
[[1359.  688. 2047.]
 [ 641. 1312. 1953.]
 [2000. 2000. 4000.]]
Accuracy of se_1: 69 %
[[1733.  957. 2690.]
 [ 267. 1043. 1310.]
 [2000. 2000. 4000.]]
Accuracy of se_2: 68 %
[[1638.  890. 2528.]
 [ 362. 1110. 1472.]
 [2000. 2000. 4000.]]
Accuracy of se_3: 69 %
[[1732.  970. 2702.]
 [ 268. 1030. 1298.]
 [2000. 2000. 4000.]]
Accuracy of se_4: 71 %
[[1427.  569. 1996.]
 [ 573. 1431. 2004.]
 [2000. 2000. 4000.]]
Accuracy of se_5: 77 %
[[1783.  678. 2461.]
 [ 217. 1322. 1539.]
 [2000. 2000. 4000.]]
Accuracy of se_6: 76 %
[[1878.  807. 2685.]
 [ 122. 1193. 1315.]
 [2000. 2000. 4000.]]
Accuracy of se_7: 78 %
[[1835.  680. 2515.]
 [ 165. 1320. 1485.]
 [2000. 2000. 4000.]]
Accuracy of se_8: 76 %
[[1647.  573. 2220.]
 [ 353. 1427. 1780.]
 [2000. 2000. 4000.]]
Accuracy of se_9: 77 %
[[1764.  676. 2440.]
 [ 236. 1324. 1560.]
 [2000. 2000. 4000.]]
Accuracy of se_10: 77 %
[[1755.  636. 2391.]
 [ 245. 1364. 1609.]
 [2000. 2000. 4000.]]
Accuracy of se_11: 78 %
[[1823.  703. 2526.]
 [ 177. 1297. 1474.]
 [2000. 2000. 4000.]]
Accuracy of se_12: 76 %
[[1619.  543. 2162.]
 [ 381. 1457. 1838.]
 [2000. 2000. 4000.]]
Accuracy of se_13: 78 %
[[1576.  452. 2028.]
 [ 424. 1548. 1972.]
 [2000. 2000. 4000.]]
Accuracy of se_14: 79 %
[[1705.  538. 2243.]
 [ 295. 1462. 1757.]
 [2000. 2000. 4000.]]
Accuracy of se_15: 77 %
[[1868.  750. 2618.]
 [ 132. 1250. 1382.]
 [2000. 2000. 4000.]]
Accuracy of se_16: 76 %
[[1670.  601. 2271.]
 [ 330. 1399. 1729.]
 [2000. 2000. 4000.]]
Accuracy of se_17: 78 %
[[1650.  514. 2164.]
 [ 350. 1486. 1836.]
 [2000. 2000. 4000.]]
Accuracy of se_18: 79 %
[[1716.  528. 2244.]
 [ 284. 1472. 1756.]
 [2000. 2000. 4000.]]
Accuracy of se_19: 78 %
[[1746.  596. 2342.]
 [ 254. 1404. 1658.]
 [2000. 2000. 4000.]]
Accuracy of se_20: 77 %
[[1607.  505. 2112.]
 [ 393. 1495. 1888.]
 [2000. 2000. 4000.]]
Accuracy of se_21: 78 %
[[1774.  634. 2408.]
 [ 226. 1366. 1592.]
 [2000. 2000. 4000.]]
Accuracy of se_22: 79 %
[[1808.  637. 2445.]
 [ 192. 1363. 1555.]
 [2000. 2000. 4000.]]
Accuracy of se_23: 78 %
[[1664.  511. 2175.]
 [ 336. 1489. 1825.]
 [2000. 2000. 4000.]]
Accuracy of se_24: 78 %
[[1663.  504. 2167.]
 [ 337. 1496. 1833.]
 [2000. 2000. 4000.]]
Accuracy of se_25: 80 %
[[1785.  584. 2369.]
 [ 215. 1416. 1631.]
 [2000. 2000. 4000.]]
Accuracy of se_26: 78 %
[[1853.  696. 2549.]
 [ 147. 1304. 1451.]
 [2000. 2000. 4000.]]
Accuracy of se_27: 78 %
[[1564.  422. 1986.]
 [ 436. 1578. 2014.]
 [2000. 2000. 4000.]]
Accuracy of se_28: 78 %
[[1664.  539. 2203.]
 [ 336. 1461. 1797.]
 [2000. 2000. 4000.]]
Accuracy of se_29: 80 %
[[1838.  626. 2464.]
 [ 162. 1374. 1536.]
 [2000. 2000. 4000.]]
Finished Training