Accuracy of se_0: 68 %
[[1687.  943. 2630.]
 [ 313. 1057. 1370.]
 [2000. 2000. 4000.]]
Accuracy of se_1: 73 %
[[1548.  597. 2145.]
 [ 452. 1403. 1855.]
 [2000. 2000. 4000.]]
Accuracy of se_2: 74 %
[[1764.  798. 2562.]
 [ 236. 1202. 1438.]
 [2000. 2000. 4000.]]
Accuracy of se_3: 78 %
[[1824.  695. 2519.]
 [ 176. 1305. 1481.]
 [2000. 2000. 4000.]]
Accuracy of se_4: 77 %
[[1787.  681. 2468.]
 [ 213. 1319. 1532.]
 [2000. 2000. 4000.]]
Accuracy of se_5: 78 %
[[1879.  759. 2638.]
 [ 121. 1241. 1362.]
 [2000. 2000. 4000.]]
Accuracy of se_6: 80 %
[[1914.  679. 2593.]
 [  86. 1321. 1407.]
 [2000. 2000. 4000.]]
Accuracy of se_7: 85 %
[[1769.  364. 2133.]
 [ 231. 1636. 1867.]
 [2000. 2000. 4000.]]
Accuracy of se_8: 85 %
[[1752.  322. 2074.]
 [ 248. 1678. 1926.]
 [2000. 2000. 4000.]]
Accuracy of se_9: 87 %
[[1838.  344. 2182.]
 [ 162. 1656. 1818.]
 [2000. 2000. 4000.]]
Accuracy of se_10: 87 %
[[1744.  264. 2008.]
 [ 256. 1736. 1992.]
 [2000. 2000. 4000.]]
Accuracy of se_11: 87 %
[[1887.  393. 2280.]
 [ 113. 1607. 1720.]
 [2000. 2000. 4000.]]
Accuracy of se_12: 86 %
[[1690.  238. 1928.]
 [ 310. 1762. 2072.]
 [2000. 2000. 4000.]]
Accuracy of se_13: 87 %
[[1854.  353. 2207.]
 [ 146. 1647. 1793.]
 [2000. 2000. 4000.]]
Accuracy of se_14: 84 %
[[1578.  216. 1794.]
 [ 422. 1784. 2206.]
 [2000. 2000. 4000.]]
Accuracy of se_15: 89 %
[[1895.  324. 2219.]
 [ 105. 1676. 1781.]
 [2000. 2000. 4000.]]
Accuracy of se_16: 88 %
[[1813.  266. 2079.]
 [ 187. 1734. 1921.]
 [2000. 2000. 4000.]]
Accuracy of se_17: 88 %
[[1883.  331. 2214.]
 [ 117. 1669. 1786.]
 [2000. 2000. 4000.]]
Accuracy of se_18: 88 %
[[1865.  323. 2188.]
 [ 135. 1677. 1812.]
 [2000. 2000. 4000.]]
Accuracy of se_19: 89 %
[[1930.  331. 2261.]
 [  70. 1669. 1739.]
 [2000. 2000. 4000.]]
Accuracy of se_20: 87 %
[[1741.  247. 1988.]
 [ 259. 1753. 2012.]
 [2000. 2000. 4000.]]
Accuracy of se_21: 88 %
[[1956.  417. 2373.]
 [  44. 1583. 1627.]
 [2000. 2000. 4000.]]
Accuracy of se_22: 88 %
[[1842.  308. 2150.]
 [ 158. 1692. 1850.]
 [2000. 2000. 4000.]]
Accuracy of se_23: 85 %
[[1630.  192. 1822.]
 [ 370. 1808. 2178.]
 [2000. 2000. 4000.]]
Accuracy of se_24: 89 %
[[1873.  276. 2149.]
 [ 127. 1724. 1851.]
 [2000. 2000. 4000.]]
Accuracy of se_25: 90 %
[[1881.  277. 2158.]
 [ 119. 1723. 1842.]
 [2000. 2000. 4000.]]
Accuracy of se_26: 89 %
[[1823.  258. 2081.]
 [ 177. 1742. 1919.]
 [2000. 2000. 4000.]]
Accuracy of se_27: 89 %
[[1930.  368. 2298.]
 [  70. 1632. 1702.]
 [2000. 2000. 4000.]]
Accuracy of se_28: 89 %
[[1966.  394. 2360.]
 [  34. 1606. 1640.]
 [2000. 2000. 4000.]]
Accuracy of se_29: 88 %
[[1735.  208. 1943.]
 [ 265. 1792. 2057.]
 [2000. 2000. 4000.]]
Finished Training