Accuracy of se_0: 72 %
[[1758.  873. 2631.]
 [ 242. 1127. 1369.]
 [2000. 2000. 4000.]]
Accuracy of se_1: 73 %
[[1827.  889. 2716.]
 [ 173. 1111. 1284.]
 [2000. 2000. 4000.]]
Accuracy of se_2: 68 %
[[1803. 1072. 2875.]
 [ 197.  928. 1125.]
 [2000. 2000. 4000.]]
Accuracy of se_3: 74 %
[[1769.  799. 2568.]
 [ 231. 1201. 1432.]
 [2000. 2000. 4000.]]
Accuracy of se_4: 76 %
[[1741.  683. 2424.]
 [ 259. 1317. 1576.]
 [2000. 2000. 4000.]]
Accuracy of se_5: 76 %
[[1671.  603. 2274.]
 [ 329. 1397. 1726.]
 [2000. 2000. 4000.]]
Accuracy of se_6: 78 %
[[1676.  537. 2213.]
 [ 324. 1463. 1787.]
 [2000. 2000. 4000.]]
Accuracy of se_7: 79 %
[[1615.  446. 2061.]
 [ 385. 1554. 1939.]
 [2000. 2000. 4000.]]
Accuracy of se_8: 75 %
[[1954.  949. 2903.]
 [  46. 1051. 1097.]
 [2000. 2000. 4000.]]
Accuracy of se_9: 82 %
[[1780.  462. 2242.]
 [ 220. 1538. 1758.]
 [2000. 2000. 4000.]]
Accuracy of se_10: 83 %
[[1714.  374. 2088.]
 [ 286. 1626. 1912.]
 [2000. 2000. 4000.]]
Accuracy of se_11: 83 %
[[1621.  292. 1913.]
 [ 379. 1708. 2087.]
 [2000. 2000. 4000.]]
Accuracy of se_12: 83 %
[[1862.  526. 2388.]
 [ 138. 1474. 1612.]
 [2000. 2000. 4000.]]
Accuracy of se_13: 84 %
[[1775.  381. 2156.]
 [ 225. 1619. 1844.]
 [2000. 2000. 4000.]]
Accuracy of se_14: 84 %
[[1686.  296. 1982.]
 [ 314. 1704. 2018.]
 [2000. 2000. 4000.]]
Accuracy of se_15: 81 %
[[1483.  204. 1687.]
 [ 517. 1796. 2313.]
 [2000. 2000. 4000.]]
Accuracy of se_16: 82 %
[[1523.  221. 1744.]
 [ 477. 1779. 2256.]
 [2000. 2000. 4000.]]
Accuracy of se_17: 85 %
[[1756.  318. 2074.]
 [ 244. 1682. 1926.]
 [2000. 2000. 4000.]]
Accuracy of se_18: 85 %
[[1857.  446. 2303.]
 [ 143. 1554. 1697.]
 [2000. 2000. 4000.]]
Accuracy of se_19: 86 %
[[1868.  411. 2279.]
 [ 132. 1589. 1721.]
 [2000. 2000. 4000.]]
Accuracy of se_20: 86 %
[[1842.  379. 2221.]
 [ 158. 1621. 1779.]
 [2000. 2000. 4000.]]
Accuracy of se_21: 87 %
[[1831.  349. 2180.]
 [ 169. 1651. 1820.]
 [2000. 2000. 4000.]]
Accuracy of se_22: 84 %
[[1641.  248. 1889.]
 [ 359. 1752. 2111.]
 [2000. 2000. 4000.]]
Accuracy of se_23: 83 %
[[1544.  208. 1752.]
 [ 456. 1792. 2248.]
 [2000. 2000. 4000.]]
Accuracy of se_24: 86 %
[[1861.  390. 2251.]
 [ 139. 1610. 1749.]
 [2000. 2000. 4000.]]
Accuracy of se_25: 86 %
[[1923.  447. 2370.]
 [  77. 1553. 1630.]
 [2000. 2000. 4000.]]
Accuracy of se_26: 87 %
[[1898.  417. 2315.]
 [ 102. 1583. 1685.]
 [2000. 2000. 4000.]]
Accuracy of se_27: 87 %
[[1919.  411. 2330.]
 [  81. 1589. 1670.]
 [2000. 2000. 4000.]]
Accuracy of se_28: 85 %
[[1684.  260. 1944.]
 [ 316. 1740. 2056.]
 [2000. 2000. 4000.]]
Accuracy of se_29: 86 %
[[1715.  266. 1981.]
 [ 285. 1734. 2019.]
 [2000. 2000. 4000.]]
Finished Training