Accuracy of se_0: 67 %
[[1636.  937. 2573.]
 [ 364. 1063. 1427.]
 [2000. 2000. 4000.]]
Accuracy of se_1: 69 %
[[1684.  895. 2579.]
 [ 316. 1105. 1421.]
 [2000. 2000. 4000.]]
Accuracy of se_2: 69 %
[[1639.  846. 2485.]
 [ 361. 1154. 1515.]
 [2000. 2000. 4000.]]
Accuracy of se_3: 69 %
[[1384.  600. 1984.]
 [ 616. 1400. 2016.]
 [2000. 2000. 4000.]]
Accuracy of se_4: 70 %
[[1347.  535. 1882.]
 [ 653. 1465. 2118.]
 [2000. 2000. 4000.]]
Accuracy of se_5: 73 %
[[1684.  738. 2422.]
 [ 316. 1262. 1578.]
 [2000. 2000. 4000.]]
Accuracy of se_6: 74 %
[[1566.  603. 2169.]
 [ 434. 1397. 1831.]
 [2000. 2000. 4000.]]
Accuracy of se_7: 73 %
[[1650.  703. 2353.]
 [ 350. 1297. 1647.]
 [2000. 2000. 4000.]]
Accuracy of se_8: 75 %
[[1702.  681. 2383.]
 [ 298. 1319. 1617.]
 [2000. 2000. 4000.]]
Accuracy of se_9: 74 %
[[1536.  545. 2081.]
 [ 464. 1455. 1919.]
 [2000. 2000. 4000.]]
Accuracy of se_10: 77 %
[[1703.  603. 2306.]
 [ 297. 1397. 1694.]
 [2000. 2000. 4000.]]
Accuracy of se_11: 76 %
[[1734.  689. 2423.]
 [ 266. 1311. 1577.]
 [2000. 2000. 4000.]]
Accuracy of se_12: 78 %
[[1771.  635. 2406.]
 [ 229. 1365. 1594.]
 [2000. 2000. 4000.]]
Accuracy of se_13: 78 %
[[1598.  473. 2071.]
 [ 402. 1527. 1929.]
 [2000. 2000. 4000.]]
Accuracy of se_14: 79 %
[[1756.  588. 2344.]
 [ 244. 1412. 1656.]
 [2000. 2000. 4000.]]
Accuracy of se_15: 79 %
[[1868.  685. 2553.]
 [ 132. 1315. 1447.]
 [2000. 2000. 4000.]]
Accuracy of se_16: 80 %
[[1862.  654. 2516.]
 [ 138. 1346. 1484.]
 [2000. 2000. 4000.]]
Accuracy of se_17: 79 %
[[1769.  587. 2356.]
 [ 231. 1413. 1644.]
 [2000. 2000. 4000.]]
Accuracy of se_18: 80 %
[[1805.  570. 2375.]
 [ 195. 1430. 1625.]
 [2000. 2000. 4000.]]
Accuracy of se_19: 80 %
[[1774.  548. 2322.]
 [ 226. 1452. 1678.]
 [2000. 2000. 4000.]]
Accuracy of se_20: 78 %
[[1957.  837. 2794.]
 [  43. 1163. 1206.]
 [2000. 2000. 4000.]]
Accuracy of se_21: 79 %
[[1924.  739. 2663.]
 [  76. 1261. 1337.]
 [2000. 2000. 4000.]]
Accuracy of se_22: 80 %
[[1709.  508. 2217.]
 [ 291. 1492. 1783.]
 [2000. 2000. 4000.]]
Accuracy of se_23: 80 %
[[1830.  600. 2430.]
 [ 170. 1400. 1570.]
 [2000. 2000. 4000.]]
Accuracy of se_24: 81 %
[[1798.  557. 2355.]
 [ 202. 1443. 1645.]
 [2000. 2000. 4000.]]
Accuracy of se_25: 81 %
[[1858.  605. 2463.]
 [ 142. 1395. 1537.]
 [2000. 2000. 4000.]]
Accuracy of se_26: 81 %
[[1821.  551. 2372.]
 [ 179. 1449. 1628.]
 [2000. 2000. 4000.]]
Accuracy of se_27: 80 %
[[1719.  491. 2210.]
 [ 281. 1509. 1790.]
 [2000. 2000. 4000.]]
Accuracy of se_28: 82 %
[[1904.  592. 2496.]
 [  96. 1408. 1504.]
 [2000. 2000. 4000.]]
Accuracy of se_29: 79 %
[[1686.  492. 2178.]
 [ 314. 1508. 1822.]
 [2000. 2000. 4000.]]
Finished Training