Accuracy of se_0: 68 %
[[1696.  969. 2665.]
 [ 304. 1031. 1335.]
 [2000. 2000. 4000.]]
Accuracy of se_1: 69 %
[[1886. 1103. 2989.]
 [ 114.  897. 1011.]
 [2000. 2000. 4000.]]
Accuracy of se_2: 72 %
[[1694.  776. 2470.]
 [ 306. 1224. 1530.]
 [2000. 2000. 4000.]]
Accuracy of se_3: 73 %
[[1603.  657. 2260.]
 [ 397. 1343. 1740.]
 [2000. 2000. 4000.]]
Accuracy of se_4: 69 %
[[1712.  922. 2634.]
 [ 288. 1078. 1366.]
 [2000. 2000. 4000.]]
Accuracy of se_5: 74 %
[[1677.  716. 2393.]
 [ 323. 1284. 1607.]
 [2000. 2000. 4000.]]
Accuracy of se_6: 74 %
[[1550.  561. 2111.]
 [ 450. 1439. 1889.]
 [2000. 2000. 4000.]]
Accuracy of se_7: 74 %
[[1729.  750. 2479.]
 [ 271. 1250. 1521.]
 [2000. 2000. 4000.]]
Accuracy of se_8: 78 %
[[1643.  498. 2141.]
 [ 357. 1502. 1859.]
 [2000. 2000. 4000.]]
Accuracy of se_9: 78 %
[[1730.  597. 2327.]
 [ 270. 1403. 1673.]
 [2000. 2000. 4000.]]
Accuracy of se_10: 80 %
[[1796.  557. 2353.]
 [ 204. 1443. 1647.]
 [2000. 2000. 4000.]]
Accuracy of se_11: 81 %
[[1739.  482. 2221.]
 [ 261. 1518. 1779.]
 [2000. 2000. 4000.]]
Accuracy of se_12: 83 %
[[1735.  408. 2143.]
 [ 265. 1592. 1857.]
 [2000. 2000. 4000.]]
Accuracy of se_13: 81 %
[[1571.  296. 1867.]
 [ 429. 1704. 2133.]
 [2000. 2000. 4000.]]
Accuracy of se_14: 86 %
[[1915.  444. 2359.]
 [  85. 1556. 1641.]
 [2000. 2000. 4000.]]
Accuracy of se_15: 86 %
[[1942.  497. 2439.]
 [  58. 1503. 1561.]
 [2000. 2000. 4000.]]
Accuracy of se_16: 86 %
[[1857.  382. 2239.]
 [ 143. 1618. 1761.]
 [2000. 2000. 4000.]]
Accuracy of se_17: 87 %
[[1843.  353. 2196.]
 [ 157. 1647. 1804.]
 [2000. 2000. 4000.]]
Accuracy of se_18: 88 %
[[1920.  379. 2299.]
 [  80. 1621. 1701.]
 [2000. 2000. 4000.]]
Accuracy of se_19: 87 %
[[1831.  343. 2174.]
 [ 169. 1657. 1826.]
 [2000. 2000. 4000.]]
Accuracy of se_20: 89 %
[[1877.  314. 2191.]
 [ 123. 1686. 1809.]
 [2000. 2000. 4000.]]
Accuracy of se_21: 87 %
[[1797.  288. 2085.]
 [ 203. 1712. 1915.]
 [2000. 2000. 4000.]]
Accuracy of se_22: 89 %
[[1918.  349. 2267.]
 [  82. 1651. 1733.]
 [2000. 2000. 4000.]]
Accuracy of se_23: 89 %
[[1914.  348. 2262.]
 [  86. 1652. 1738.]
 [2000. 2000. 4000.]]
Accuracy of se_24: 88 %
[[1961.  424. 2385.]
 [  39. 1576. 1615.]
 [2000. 2000. 4000.]]
Accuracy of se_25: 88 %
[[1821.  275. 2096.]
 [ 179. 1725. 1904.]
 [2000. 2000. 4000.]]
Accuracy of se_26: 88 %
[[1900.  352. 2252.]
 [ 100. 1648. 1748.]
 [2000. 2000. 4000.]]
Accuracy of se_27: 86 %
[[1710.  234. 1944.]
 [ 290. 1766. 2056.]
 [2000. 2000. 4000.]]
Accuracy of se_28: 89 %
[[1917.  331. 2248.]
 [  83. 1669. 1752.]
 [2000. 2000. 4000.]]
Accuracy of se_29: 88 %
[[1922.  385. 2307.]
 [  78. 1615. 1693.]
 [2000. 2000. 4000.]]
Finished Training