Accuracy of se_0: 70 %
[[1645.  813. 2458.]
 [ 355. 1187. 1542.]
 [2000. 2000. 4000.]]
Accuracy of se_1: 72 %
[[1651.  741. 2392.]
 [ 349. 1259. 1608.]
 [2000. 2000. 4000.]]
Accuracy of se_2: 70 %
[[1806.  975. 2781.]
 [ 194. 1025. 1219.]
 [2000. 2000. 4000.]]
Accuracy of se_3: 73 %
[[1581.  634. 2215.]
 [ 419. 1366. 1785.]
 [2000. 2000. 4000.]]
Accuracy of se_4: 75 %
[[1534.  504. 2038.]
 [ 466. 1496. 1962.]
 [2000. 2000. 4000.]]
Accuracy of se_5: 80 %
[[1563.  356. 1919.]
 [ 437. 1644. 2081.]
 [2000. 2000. 4000.]]
Accuracy of se_6: 84 %
[[1858.  497. 2355.]
 [ 142. 1503. 1645.]
 [2000. 2000. 4000.]]
Accuracy of se_7: 85 %
[[1910.  501. 2411.]
 [  90. 1499. 1589.]
 [2000. 2000. 4000.]]
Accuracy of se_8: 88 %
[[1901.  368. 2269.]
 [  99. 1632. 1731.]
 [2000. 2000. 4000.]]
Accuracy of se_9: 87 %
[[1823.  319. 2142.]
 [ 177. 1681. 1858.]
 [2000. 2000. 4000.]]
Accuracy of se_10: 88 %
[[1807.  256. 2063.]
 [ 193. 1744. 1937.]
 [2000. 2000. 4000.]]
Accuracy of se_11: 84 %
[[1582.  191. 1773.]
 [ 418. 1809. 2227.]
 [2000. 2000. 4000.]]
Accuracy of se_12: 89 %
[[1904.  334. 2238.]
 [  96. 1666. 1762.]
 [2000. 2000. 4000.]]
Accuracy of se_13: 89 %
[[1926.  359. 2285.]
 [  74. 1641. 1715.]
 [2000. 2000. 4000.]]
Accuracy of se_14: 89 %
[[1905.  320. 2225.]
 [  95. 1680. 1775.]
 [2000. 2000. 4000.]]
Accuracy of se_15: 90 %
[[1933.  325. 2258.]
 [  67. 1675. 1742.]
 [2000. 2000. 4000.]]
Accuracy of se_16: 88 %
[[1748.  225. 1973.]
 [ 252. 1775. 2027.]
 [2000. 2000. 4000.]]
Accuracy of se_17: 90 %
[[1905.  289. 2194.]
 [  95. 1711. 1806.]
 [2000. 2000. 4000.]]
Accuracy of se_18: 85 %
[[1615.  199. 1814.]
 [ 385. 1801. 2186.]
 [2000. 2000. 4000.]]
Accuracy of se_19: 90 %
[[1878.  265. 2143.]
 [ 122. 1735. 1857.]
 [2000. 2000. 4000.]]
Accuracy of se_20: 90 %
[[1938.  318. 2256.]
 [  62. 1682. 1744.]
 [2000. 2000. 4000.]]
Accuracy of se_21: 91 %
[[1930.  266. 2196.]
 [  70. 1734. 1804.]
 [2000. 2000. 4000.]]
Accuracy of se_22: 91 %
[[1901.  249. 2150.]
 [  99. 1751. 1850.]
 [2000. 2000. 4000.]]
Accuracy of se_23: 90 %
[[1886.  260. 2146.]
 [ 114. 1740. 1854.]
 [2000. 2000. 4000.]]
Accuracy of se_24: 90 %
[[1865.  231. 2096.]
 [ 135. 1769. 1904.]
 [2000. 2000. 4000.]]
Accuracy of se_25: 85 %
[[1601.  164. 1765.]
 [ 399. 1836. 2235.]
 [2000. 2000. 4000.]]
Accuracy of se_26: 91 %
[[1945.  301. 2246.]
 [  55. 1699. 1754.]
 [2000. 2000. 4000.]]
Accuracy of se_27: 90 %
[[1924.  291. 2215.]
 [  76. 1709. 1785.]
 [2000. 2000. 4000.]]
Accuracy of se_28: 88 %
[[1753.  202. 1955.]
 [ 247. 1798. 2045.]
 [2000. 2000. 4000.]]
Accuracy of se_29: 91 %
[[1934.  284. 2218.]
 [  66. 1716. 1782.]
 [2000. 2000. 4000.]]
Finished Training