Accuracy of se_0: 72 %
[[1728.  810. 2538.]
 [ 272. 1190. 1462.]
 [2000. 2000. 4000.]]
Accuracy of se_1: 71 %
[[1778.  903. 2681.]
 [ 222. 1097. 1319.]
 [2000. 2000. 4000.]]
Accuracy of se_2: 71 %
[[1183.  336. 1519.]
 [ 817. 1664. 2481.]
 [2000. 2000. 4000.]]
Accuracy of se_3: 75 %
[[1761.  743. 2504.]
 [ 239. 1257. 1496.]
 [2000. 2000. 4000.]]
Accuracy of se_4: 76 %
[[1593.  553. 2146.]
 [ 407. 1447. 1854.]
 [2000. 2000. 4000.]]
Accuracy of se_5: 78 %
[[1844.  721. 2565.]
 [ 156. 1279. 1435.]
 [2000. 2000. 4000.]]
Accuracy of se_6: 77 %
[[1863.  763. 2626.]
 [ 137. 1237. 1374.]
 [2000. 2000. 4000.]]
Accuracy of se_7: 79 %
[[1698.  527. 2225.]
 [ 302. 1473. 1775.]
 [2000. 2000. 4000.]]
Accuracy of se_8: 80 %
[[1680.  474. 2154.]
 [ 320. 1526. 1846.]
 [2000. 2000. 4000.]]
Accuracy of se_9: 79 %
[[1914.  733. 2647.]
 [  86. 1267. 1353.]
 [2000. 2000. 4000.]]
Accuracy of se_10: 82 %
[[1880.  576. 2456.]
 [ 120. 1424. 1544.]
 [2000. 2000. 4000.]]
Accuracy of se_11: 83 %
[[1823.  471. 2294.]
 [ 177. 1529. 1706.]
 [2000. 2000. 4000.]]
Accuracy of se_12: 82 %
[[1912.  609. 2521.]
 [  88. 1391. 1479.]
 [2000. 2000. 4000.]]
Accuracy of se_13: 84 %
[[1716.  323. 2039.]
 [ 284. 1677. 1961.]
 [2000. 2000. 4000.]]
Accuracy of se_14: 84 %
[[1662.  286. 1948.]
 [ 338. 1714. 2052.]
 [2000. 2000. 4000.]]
Accuracy of se_15: 85 %
[[1796.  372. 2168.]
 [ 204. 1628. 1832.]
 [2000. 2000. 4000.]]
Accuracy of se_16: 85 %
[[1917.  511. 2428.]
 [  83. 1489. 1572.]
 [2000. 2000. 4000.]]
Accuracy of se_17: 85 %
[[1730.  304. 2034.]
 [ 270. 1696. 1966.]
 [2000. 2000. 4000.]]
Accuracy of se_18: 86 %
[[1876.  409. 2285.]
 [ 124. 1591. 1715.]
 [2000. 2000. 4000.]]
Accuracy of se_19: 85 %
[[1770.  350. 2120.]
 [ 230. 1650. 1880.]
 [2000. 2000. 4000.]]
Accuracy of se_20: 85 %
[[1725.  321. 2046.]
 [ 275. 1679. 1954.]
 [2000. 2000. 4000.]]
Accuracy of se_21: 85 %
[[1822.  384. 2206.]
 [ 178. 1616. 1794.]
 [2000. 2000. 4000.]]
Accuracy of se_22: 87 %
[[1926.  433. 2359.]
 [  74. 1567. 1641.]
 [2000. 2000. 4000.]]
Accuracy of se_23: 86 %
[[1849.  373. 2222.]
 [ 151. 1627. 1778.]
 [2000. 2000. 4000.]]
Accuracy of se_24: 88 %
[[1890.  367. 2257.]
 [ 110. 1633. 1743.]
 [2000. 2000. 4000.]]
Accuracy of se_25: 86 %
[[1794.  332. 2126.]
 [ 206. 1668. 1874.]
 [2000. 2000. 4000.]]
Accuracy of se_26: 87 %
[[1813.  327. 2140.]
 [ 187. 1673. 1860.]
 [2000. 2000. 4000.]]
Accuracy of se_27: 86 %
[[1763.  312. 2075.]
 [ 237. 1688. 1925.]
 [2000. 2000. 4000.]]
Accuracy of se_28: 87 %
[[1936.  452. 2388.]
 [  64. 1548. 1612.]
 [2000. 2000. 4000.]]
Accuracy of se_29: 87 %
[[1922.  423. 2345.]
 [  78. 1577. 1655.]
 [2000. 2000. 4000.]]
Finished Training