Accuracy of se_0: 69 %
[[1473.  698. 2171.]
 [ 527. 1302. 1829.]
 [2000. 2000. 4000.]]
Accuracy of se_1: 71 %
[[1635.  764. 2399.]
 [ 365. 1236. 1601.]
 [2000. 2000. 4000.]]
Accuracy of se_2: 72 %
[[1847.  962. 2809.]
 [ 153. 1038. 1191.]
 [2000. 2000. 4000.]]
Accuracy of se_3: 75 %
[[1738.  732. 2470.]
 [ 262. 1268. 1530.]
 [2000. 2000. 4000.]]
Accuracy of se_4: 75 %
[[1822.  783. 2605.]
 [ 178. 1217. 1395.]
 [2000. 2000. 4000.]]
Accuracy of se_5: 74 %
[[1761.  767. 2528.]
 [ 239. 1233. 1472.]
 [2000. 2000. 4000.]]
Accuracy of se_6: 72 %
[[1754.  842. 2596.]
 [ 246. 1158. 1404.]
 [2000. 2000. 4000.]]
Accuracy of se_7: 73 %
[[1786.  854. 2640.]
 [ 214. 1146. 1360.]
 [2000. 2000. 4000.]]
Accuracy of se_8: 73 %
[[1558.  612. 2170.]
 [ 442. 1388. 1830.]
 [2000. 2000. 4000.]]
Accuracy of se_9: 76 %
[[1667.  612. 2279.]
 [ 333. 1388. 1721.]
 [2000. 2000. 4000.]]
Accuracy of se_10: 72 %
[[1771.  858. 2629.]
 [ 229. 1142. 1371.]
 [2000. 2000. 4000.]]
Accuracy of se_11: 76 %
[[1791.  712. 2503.]
 [ 209. 1288. 1497.]
 [2000. 2000. 4000.]]
Accuracy of se_12: 77 %
[[1730.  648. 2378.]
 [ 270. 1352. 1622.]
 [2000. 2000. 4000.]]
Accuracy of se_13: 75 %
[[1798.  768. 2566.]
 [ 202. 1232. 1434.]
 [2000. 2000. 4000.]]
Accuracy of se_14: 78 %
[[1794.  662. 2456.]
 [ 206. 1338. 1544.]
 [2000. 2000. 4000.]]
Accuracy of se_15: 77 %
[[1780.  694. 2474.]
 [ 220. 1306. 1526.]
 [2000. 2000. 4000.]]
Accuracy of se_16: 77 %
[[1783.  681. 2464.]
 [ 217. 1319. 1536.]
 [2000. 2000. 4000.]]
Accuracy of se_17: 78 %
[[1874.  729. 2603.]
 [ 126. 1271. 1397.]
 [2000. 2000. 4000.]]
Accuracy of se_18: 79 %
[[1737.  542. 2279.]
 [ 263. 1458. 1721.]
 [2000. 2000. 4000.]]
Accuracy of se_19: 77 %
[[1488.  375. 1863.]
 [ 512. 1625. 2137.]
 [2000. 2000. 4000.]]
Accuracy of se_20: 80 %
[[1901.  672. 2573.]
 [  99. 1328. 1427.]
 [2000. 2000. 4000.]]
Accuracy of se_21: 79 %
[[1667.  477. 2144.]
 [ 333. 1523. 1856.]
 [2000. 2000. 4000.]]
Accuracy of se_22: 80 %
[[1673.  466. 2139.]
 [ 327. 1534. 1861.]
 [2000. 2000. 4000.]]
Accuracy of se_23: 81 %
[[1768.  506. 2274.]
 [ 232. 1494. 1726.]
 [2000. 2000. 4000.]]
Accuracy of se_24: 81 %
[[1785.  517. 2302.]
 [ 215. 1483. 1698.]
 [2000. 2000. 4000.]]
Accuracy of se_25: 80 %
[[1782.  554. 2336.]
 [ 218. 1446. 1664.]
 [2000. 2000. 4000.]]
Accuracy of se_26: 82 %
[[1773.  471. 2244.]
 [ 227. 1529. 1756.]
 [2000. 2000. 4000.]]
Accuracy of se_27: 83 %
[[1903.  569. 2472.]
 [  97. 1431. 1528.]
 [2000. 2000. 4000.]]
Accuracy of se_28: 83 %
[[1822.  464. 2286.]
 [ 178. 1536. 1714.]
 [2000. 2000. 4000.]]
Accuracy of se_29: 81 %
[[1563.  288. 1851.]
 [ 437. 1712. 2149.]
 [2000. 2000. 4000.]]
Finished Training