Accuracy of se_0: 69 %
[[1885. 1110. 2995.]
 [ 115.  890. 1005.]
 [2000. 2000. 4000.]]
Accuracy of se_1: 70 %
[[1725.  905. 2630.]
 [ 275. 1095. 1370.]
 [2000. 2000. 4000.]]
Accuracy of se_2: 72 %
[[1585.  681. 2266.]
 [ 415. 1319. 1734.]
 [2000. 2000. 4000.]]
Accuracy of se_3: 73 %
[[1745.  816. 2561.]
 [ 255. 1184. 1439.]
 [2000. 2000. 4000.]]
Accuracy of se_4: 77 %
[[1793.  702. 2495.]
 [ 207. 1298. 1505.]
 [2000. 2000. 4000.]]
Accuracy of se_5: 77 %
[[1893.  783. 2676.]
 [ 107. 1217. 1324.]
 [2000. 2000. 4000.]]
Accuracy of se_6: 81 %
[[1593.  350. 1943.]
 [ 407. 1650. 2057.]
 [2000. 2000. 4000.]]
Accuracy of se_7: 82 %
[[1794.  486. 2280.]
 [ 206. 1514. 1720.]
 [2000. 2000. 4000.]]
Accuracy of se_8: 84 %
[[1860.  473. 2333.]
 [ 140. 1527. 1667.]
 [2000. 2000. 4000.]]
Accuracy of se_9: 84 %
[[1889.  509. 2398.]
 [ 111. 1491. 1602.]
 [2000. 2000. 4000.]]
Accuracy of se_10: 84 %
[[1795.  423. 2218.]
 [ 205. 1577. 1782.]
 [2000. 2000. 4000.]]
Accuracy of se_11: 84 %
[[1834.  436. 2270.]
 [ 166. 1564. 1730.]
 [2000. 2000. 4000.]]
Accuracy of se_12: 83 %
[[1807.  450. 2257.]
 [ 193. 1550. 1743.]
 [2000. 2000. 4000.]]
Accuracy of se_13: 84 %
[[1820.  441. 2261.]
 [ 180. 1559. 1739.]
 [2000. 2000. 4000.]]
Accuracy of se_14: 83 %
[[1658.  321. 1979.]
 [ 342. 1679. 2021.]
 [2000. 2000. 4000.]]
Accuracy of se_15: 83 %
[[1715.  362. 2077.]
 [ 285. 1638. 1923.]
 [2000. 2000. 4000.]]
Accuracy of se_16: 82 %
[[1539.  246. 1785.]
 [ 461. 1754. 2215.]
 [2000. 2000. 4000.]]
Accuracy of se_17: 84 %
[[1782.  387. 2169.]
 [ 218. 1613. 1831.]
 [2000. 2000. 4000.]]
Accuracy of se_18: 84 %
[[1768.  373. 2141.]
 [ 232. 1627. 1859.]
 [2000. 2000. 4000.]]
Accuracy of se_19: 84 %
[[1850.  455. 2305.]
 [ 150. 1545. 1695.]
 [2000. 2000. 4000.]]
Accuracy of se_20: 84 %
[[1748.  374. 2122.]
 [ 252. 1626. 1878.]
 [2000. 2000. 4000.]]
Accuracy of se_21: 84 %
[[1876.  477. 2353.]
 [ 124. 1523. 1647.]
 [2000. 2000. 4000.]]
Accuracy of se_22: 85 %
[[1797.  394. 2191.]
 [ 203. 1606. 1809.]
 [2000. 2000. 4000.]]
Accuracy of se_23: 85 %
[[1830.  417. 2247.]
 [ 170. 1583. 1753.]
 [2000. 2000. 4000.]]
Accuracy of se_24: 84 %
[[1775.  378. 2153.]
 [ 225. 1622. 1847.]
 [2000. 2000. 4000.]]
Accuracy of se_25: 85 %
[[1873.  452. 2325.]
 [ 127. 1548. 1675.]
 [2000. 2000. 4000.]]
Accuracy of se_26: 84 %
[[1746.  357. 2103.]
 [ 254. 1643. 1897.]
 [2000. 2000. 4000.]]
Accuracy of se_27: 85 %
[[1904.  494. 2398.]
 [  96. 1506. 1602.]
 [2000. 2000. 4000.]]
Accuracy of se_28: 82 %
[[1873.  568. 2441.]
 [ 127. 1432. 1559.]
 [2000. 2000. 4000.]]
Accuracy of se_29: 85 %
[[1825.  421. 2246.]
 [ 175. 1579. 1754.]
 [2000. 2000. 4000.]]
Finished Training