Accuracy of se_0: 67 %
[[1568.  858. 2426.]
 [ 432. 1142. 1574.]
 [2000. 2000. 4000.]]
Accuracy of se_1: 67 %
[[1858. 1169. 3027.]
 [ 142.  831.  973.]
 [2000. 2000. 4000.]]
Accuracy of se_2: 69 %
[[1552.  782. 2334.]
 [ 448. 1218. 1666.]
 [2000. 2000. 4000.]]
Accuracy of se_3: 70 %
[[1679.  858. 2537.]
 [ 321. 1142. 1463.]
 [2000. 2000. 4000.]]
Accuracy of se_4: 71 %
[[1633.  780. 2413.]
 [ 367. 1220. 1587.]
 [2000. 2000. 4000.]]
Accuracy of se_5: 72 %
[[1641.  756. 2397.]
 [ 359. 1244. 1603.]
 [2000. 2000. 4000.]]
Accuracy of se_6: 74 %
[[1876.  907. 2783.]
 [ 124. 1093. 1217.]
 [2000. 2000. 4000.]]
Accuracy of se_7: 76 %
[[1806.  732. 2538.]
 [ 194. 1268. 1462.]
 [2000. 2000. 4000.]]
Accuracy of se_8: 76 %
[[1586.  512. 2098.]
 [ 414. 1488. 1902.]
 [2000. 2000. 4000.]]
Accuracy of se_9: 77 %
[[1514.  414. 1928.]
 [ 486. 1586. 2072.]
 [2000. 2000. 4000.]]
Accuracy of se_10: 78 %
[[1796.  641. 2437.]
 [ 204. 1359. 1563.]
 [2000. 2000. 4000.]]
Accuracy of se_11: 77 %
[[1475.  388. 1863.]
 [ 525. 1612. 2137.]
 [2000. 2000. 4000.]]
Accuracy of se_12: 80 %
[[1702.  478. 2180.]
 [ 298. 1522. 1820.]
 [2000. 2000. 4000.]]
Accuracy of se_13: 81 %
[[1720.  480. 2200.]
 [ 280. 1520. 1800.]
 [2000. 2000. 4000.]]
Accuracy of se_14: 80 %
[[1876.  657. 2533.]
 [ 124. 1343. 1467.]
 [2000. 2000. 4000.]]
Accuracy of se_15: 79 %
[[1742.  553. 2295.]
 [ 258. 1447. 1705.]
 [2000. 2000. 4000.]]
Accuracy of se_16: 79 %
[[1633.  442. 2075.]
 [ 367. 1558. 1925.]
 [2000. 2000. 4000.]]
Accuracy of se_17: 78 %
[[1632.  476. 2108.]
 [ 368. 1524. 1892.]
 [2000. 2000. 4000.]]
Accuracy of se_18: 81 %
[[1786.  527. 2313.]
 [ 214. 1473. 1687.]
 [2000. 2000. 4000.]]
Accuracy of se_19: 80 %
[[1823.  614. 2437.]
 [ 177. 1386. 1563.]
 [2000. 2000. 4000.]]
Accuracy of se_20: 81 %
[[1798.  546. 2344.]
 [ 202. 1454. 1656.]
 [2000. 2000. 4000.]]
Accuracy of se_21: 79 %
[[1639.  471. 2110.]
 [ 361. 1529. 1890.]
 [2000. 2000. 4000.]]
Accuracy of se_22: 81 %
[[1889.  646. 2535.]
 [ 111. 1354. 1465.]
 [2000. 2000. 4000.]]
Accuracy of se_23: 82 %
[[1812.  513. 2325.]
 [ 188. 1487. 1675.]
 [2000. 2000. 4000.]]
Accuracy of se_24: 82 %
[[1801.  490. 2291.]
 [ 199. 1510. 1709.]
 [2000. 2000. 4000.]]
Accuracy of se_25: 81 %
[[1731.  471. 2202.]
 [ 269. 1529. 1798.]
 [2000. 2000. 4000.]]
Accuracy of se_26: 81 %
[[1658.  410. 2068.]
 [ 342. 1590. 1932.]
 [2000. 2000. 4000.]]
Accuracy of se_27: 81 %
[[1679.  410. 2089.]
 [ 321. 1590. 1911.]
 [2000. 2000. 4000.]]
Accuracy of se_28: 82 %
[[1833.  523. 2356.]
 [ 167. 1477. 1644.]
 [2000. 2000. 4000.]]
Accuracy of se_29: 81 %
[[1804.  549. 2353.]
 [ 196. 1451. 1647.]
 [2000. 2000. 4000.]]
Finished Training