Accuracy of se_0: 50 %
[[   0.    0.    0.]
 [2000. 2000. 4000.]
 [2000. 2000. 4000.]]
Accuracy of se_1: 67 %
[[1641.  929. 2570.]
 [ 359. 1071. 1430.]
 [2000. 2000. 4000.]]
Accuracy of se_2: 69 %
[[1759.  983. 2742.]
 [ 241. 1017. 1258.]
 [2000. 2000. 4000.]]
Accuracy of se_3: 69 %
[[1683.  885. 2568.]
 [ 317. 1115. 1432.]
 [2000. 2000. 4000.]]
Accuracy of se_4: 72 %
[[1608.  727. 2335.]
 [ 392. 1273. 1665.]
 [2000. 2000. 4000.]]
Accuracy of se_5: 72 %
[[1259.  374. 1633.]
 [ 741. 1626. 2367.]
 [2000. 2000. 4000.]]
Accuracy of se_6: 74 %
[[1906.  919. 2825.]
 [  94. 1081. 1175.]
 [2000. 2000. 4000.]]
Accuracy of se_7: 78 %
[[1848.  713. 2561.]
 [ 152. 1287. 1439.]
 [2000. 2000. 4000.]]
Accuracy of se_8: 78 %
[[1893.  744. 2637.]
 [ 107. 1256. 1363.]
 [2000. 2000. 4000.]]
Accuracy of se_9: 78 %
[[1682.  525. 2207.]
 [ 318. 1475. 1793.]
 [2000. 2000. 4000.]]
Accuracy of se_10: 79 %
[[1723.  558. 2281.]
 [ 277. 1442. 1719.]
 [2000. 2000. 4000.]]
Accuracy of se_11: 79 %
[[1744.  569. 2313.]
 [ 256. 1431. 1687.]
 [2000. 2000. 4000.]]
Accuracy of se_12: 80 %
[[1893.  681. 2574.]
 [ 107. 1319. 1426.]
 [2000. 2000. 4000.]]
Accuracy of se_13: 80 %
[[1835.  621. 2456.]
 [ 165. 1379. 1544.]
 [2000. 2000. 4000.]]
Accuracy of se_14: 79 %
[[1676.  483. 2159.]
 [ 324. 1517. 1841.]
 [2000. 2000. 4000.]]
Accuracy of se_15: 79 %
[[1840.  653. 2493.]
 [ 160. 1347. 1507.]
 [2000. 2000. 4000.]]
Accuracy of se_16: 80 %
[[1749.  540. 2289.]
 [ 251. 1460. 1711.]
 [2000. 2000. 4000.]]
Accuracy of se_17: 80 %
[[1828.  624. 2452.]
 [ 172. 1376. 1548.]
 [2000. 2000. 4000.]]
Accuracy of se_18: 80 %
[[1799.  594. 2393.]
 [ 201. 1406. 1607.]
 [2000. 2000. 4000.]]
Accuracy of se_19: 80 %
[[1678.  452. 2130.]
 [ 322. 1548. 1870.]
 [2000. 2000. 4000.]]
Accuracy of se_20: 80 %
[[1761.  535. 2296.]
 [ 239. 1465. 1704.]
 [2000. 2000. 4000.]]
Accuracy of se_21: 79 %
[[1653.  464. 2117.]
 [ 347. 1536. 1883.]
 [2000. 2000. 4000.]]
Accuracy of se_22: 78 %
[[1480.  352. 1832.]
 [ 520. 1648. 2168.]
 [2000. 2000. 4000.]]
Accuracy of se_23: 81 %
[[1774.  527. 2301.]
 [ 226. 1473. 1699.]
 [2000. 2000. 4000.]]
Accuracy of se_24: 80 %
[[1867.  632. 2499.]
 [ 133. 1368. 1501.]
 [2000. 2000. 4000.]]
Accuracy of se_25: 80 %
[[1852.  644. 2496.]
 [ 148. 1356. 1504.]
 [2000. 2000. 4000.]]
Accuracy of se_26: 80 %
[[1882.  649. 2531.]
 [ 118. 1351. 1469.]
 [2000. 2000. 4000.]]
Accuracy of se_27: 81 %
[[1768.  526. 2294.]
 [ 232. 1474. 1706.]
 [2000. 2000. 4000.]]
Accuracy of se_28: 80 %
[[1828.  615. 2443.]
 [ 172. 1385. 1557.]
 [2000. 2000. 4000.]]
Accuracy of se_29: 81 %
[[1701.  451. 2152.]
 [ 299. 1549. 1848.]
 [2000. 2000. 4000.]]
Finished Training