Accuracy of se_0: 67 %
[[1911. 1210. 3121.]
 [  89.  790.  879.]
 [2000. 2000. 4000.]]
Accuracy of se_1: 70 %
[[1489.  653. 2142.]
 [ 511. 1347. 1858.]
 [2000. 2000. 4000.]]
Accuracy of se_2: 72 %
[[1309.  397. 1706.]
 [ 691. 1603. 2294.]
 [2000. 2000. 4000.]]
Accuracy of se_3: 75 %
[[1686.  678. 2364.]
 [ 314. 1322. 1636.]
 [2000. 2000. 4000.]]
Accuracy of se_4: 75 %
[[1705.  669. 2374.]
 [ 295. 1331. 1626.]
 [2000. 2000. 4000.]]
Accuracy of se_5: 76 %
[[1781.  714. 2495.]
 [ 219. 1286. 1505.]
 [2000. 2000. 4000.]]
Accuracy of se_6: 79 %
[[1610.  413. 2023.]
 [ 390. 1587. 1977.]
 [2000. 2000. 4000.]]
Accuracy of se_7: 78 %
[[1879.  738. 2617.]
 [ 121. 1262. 1383.]
 [2000. 2000. 4000.]]
Accuracy of se_8: 78 %
[[1908.  764. 2672.]
 [  92. 1236. 1328.]
 [2000. 2000. 4000.]]
Accuracy of se_9: 83 %
[[1868.  521. 2389.]
 [ 132. 1479. 1611.]
 [2000. 2000. 4000.]]
Accuracy of se_10: 69 %
[[ 859.   82.  941.]
 [1141. 1918. 3059.]
 [2000. 2000. 4000.]]
Accuracy of se_11: 84 %
[[1654.  261. 1915.]
 [ 346. 1739. 2085.]
 [2000. 2000. 4000.]]
Accuracy of se_12: 86 %
[[1796.  328. 2124.]
 [ 204. 1672. 1876.]
 [2000. 2000. 4000.]]
Accuracy of se_13: 87 %
[[1880.  400. 2280.]
 [ 120. 1600. 1720.]
 [2000. 2000. 4000.]]
Accuracy of se_14: 85 %
[[1918.  486. 2404.]
 [  82. 1514. 1596.]
 [2000. 2000. 4000.]]
Accuracy of se_15: 87 %
[[1875.  371. 2246.]
 [ 125. 1629. 1754.]
 [2000. 2000. 4000.]]
Accuracy of se_16: 86 %
[[1941.  494. 2435.]
 [  59. 1506. 1565.]
 [2000. 2000. 4000.]]
Accuracy of se_17: 87 %
[[1909.  428. 2337.]
 [  91. 1572. 1663.]
 [2000. 2000. 4000.]]
Accuracy of se_18: 85 %
[[1611.  200. 1811.]
 [ 389. 1800. 2189.]
 [2000. 2000. 4000.]]
Accuracy of se_19: 88 %
[[1945.  404. 2349.]
 [  55. 1596. 1651.]
 [2000. 2000. 4000.]]
Accuracy of se_20: 88 %
[[1890.  343. 2233.]
 [ 110. 1657. 1767.]
 [2000. 2000. 4000.]]
Accuracy of se_21: 87 %
[[1852.  349. 2201.]
 [ 148. 1651. 1799.]
 [2000. 2000. 4000.]]
Accuracy of se_22: 86 %
[[1985.  541. 2526.]
 [  15. 1459. 1474.]
 [2000. 2000. 4000.]]
Accuracy of se_23: 88 %
[[1967.  435. 2402.]
 [  33. 1565. 1598.]
 [2000. 2000. 4000.]]
Accuracy of se_24: 88 %
[[1965.  427. 2392.]
 [  35. 1573. 1608.]
 [2000. 2000. 4000.]]
Accuracy of se_25: 86 %
[[1631.  190. 1821.]
 [ 369. 1810. 2179.]
 [2000. 2000. 4000.]]
Accuracy of se_26: 89 %
[[1938.  360. 2298.]
 [  62. 1640. 1702.]
 [2000. 2000. 4000.]]
Accuracy of se_27: 89 %
[[1868.  280. 2148.]
 [ 132. 1720. 1852.]
 [2000. 2000. 4000.]]
Accuracy of se_28: 90 %
[[1904.  299. 2203.]
 [  96. 1701. 1797.]
 [2000. 2000. 4000.]]
Accuracy of se_29: 90 %
[[1842.  240. 2082.]
 [ 158. 1760. 1918.]
 [2000. 2000. 4000.]]
Finished Training