Accuracy of se_0: 71 %
[[1868. 1021. 2889.]
 [ 132.  979. 1111.]
 [2000. 2000. 4000.]]
Accuracy of se_1: 72 %
[[1785.  873. 2658.]
 [ 215. 1127. 1342.]
 [2000. 2000. 4000.]]
Accuracy of se_2: 77 %
[[1812.  703. 2515.]
 [ 188. 1297. 1485.]
 [2000. 2000. 4000.]]
Accuracy of se_3: 85 %
[[1858.  435. 2293.]
 [ 142. 1565. 1707.]
 [2000. 2000. 4000.]]
Accuracy of se_4: 82 %
[[1659.  365. 2024.]
 [ 341. 1635. 1976.]
 [2000. 2000. 4000.]]
Accuracy of se_5: 84 %
[[1790.  415. 2205.]
 [ 210. 1585. 1795.]
 [2000. 2000. 4000.]]
Accuracy of se_6: 84 %
[[1803.  425. 2228.]
 [ 197. 1575. 1772.]
 [2000. 2000. 4000.]]
Accuracy of se_7: 84 %
[[1776.  406. 2182.]
 [ 224. 1594. 1818.]
 [2000. 2000. 4000.]]
Accuracy of se_8: 84 %
[[1882.  499. 2381.]
 [ 118. 1501. 1619.]
 [2000. 2000. 4000.]]
Accuracy of se_9: 85 %
[[1782.  368. 2150.]
 [ 218. 1632. 1850.]
 [2000. 2000. 4000.]]
Accuracy of se_10: 85 %
[[1829.  395. 2224.]
 [ 171. 1605. 1776.]
 [2000. 2000. 4000.]]
Accuracy of se_11: 82 %
[[1620.  334. 1954.]
 [ 380. 1666. 2046.]
 [2000. 2000. 4000.]]
Accuracy of se_12: 87 %
[[1807.  320. 2127.]
 [ 193. 1680. 1873.]
 [2000. 2000. 4000.]]
Accuracy of se_13: 84 %
[[1936.  550. 2486.]
 [  64. 1450. 1514.]
 [2000. 2000. 4000.]]
Accuracy of se_14: 84 %
[[1744.  361. 2105.]
 [ 256. 1639. 1895.]
 [2000. 2000. 4000.]]
Accuracy of se_15: 86 %
[[1811.  353. 2164.]
 [ 189. 1647. 1836.]
 [2000. 2000. 4000.]]
Accuracy of se_16: 86 %
[[1848.  388. 2236.]
 [ 152. 1612. 1764.]
 [2000. 2000. 4000.]]
Accuracy of se_17: 87 %
[[1773.  292. 2065.]
 [ 227. 1708. 1935.]
 [2000. 2000. 4000.]]
Accuracy of se_18: 86 %
[[1925.  453. 2378.]
 [  75. 1547. 1622.]
 [2000. 2000. 4000.]]
Accuracy of se_19: 87 %
[[1927.  443. 2370.]
 [  73. 1557. 1630.]
 [2000. 2000. 4000.]]
Accuracy of se_20: 87 %
[[1879.  366. 2245.]
 [ 121. 1634. 1755.]
 [2000. 2000. 4000.]]
Accuracy of se_21: 87 %
[[1902.  396. 2298.]
 [  98. 1604. 1702.]
 [2000. 2000. 4000.]]
Accuracy of se_22: 86 %
[[1805.  329. 2134.]
 [ 195. 1671. 1866.]
 [2000. 2000. 4000.]]
Accuracy of se_23: 87 %
[[1862.  343. 2205.]
 [ 138. 1657. 1795.]
 [2000. 2000. 4000.]]
Accuracy of se_24: 88 %
[[1866.  343. 2209.]
 [ 134. 1657. 1791.]
 [2000. 2000. 4000.]]
Accuracy of se_25: 87 %
[[1840.  333. 2173.]
 [ 160. 1667. 1827.]
 [2000. 2000. 4000.]]
Accuracy of se_26: 86 %
[[1929.  456. 2385.]
 [  71. 1544. 1615.]
 [2000. 2000. 4000.]]
Accuracy of se_27: 87 %
[[1838.  345. 2183.]
 [ 162. 1655. 1817.]
 [2000. 2000. 4000.]]
Accuracy of se_28: 87 %
[[1841.  325. 2166.]
 [ 159. 1675. 1834.]
 [2000. 2000. 4000.]]
Accuracy of se_29: 87 %
[[1893.  391. 2284.]
 [ 107. 1609. 1716.]
 [2000. 2000. 4000.]]
Finished Training