Accuracy of se_0: 68 %
[[1512.  784. 2296.]
 [ 488. 1216. 1704.]
 [2000. 2000. 4000.]]
Accuracy of se_1: 70 %
[[1625.  816. 2441.]
 [ 375. 1184. 1559.]
 [2000. 2000. 4000.]]
Accuracy of se_2: 69 %
[[1773. 1007. 2780.]
 [ 227.  993. 1220.]
 [2000. 2000. 4000.]]
Accuracy of se_3: 69 %
[[1672.  909. 2581.]
 [ 328. 1091. 1419.]
 [2000. 2000. 4000.]]
Accuracy of se_4: 70 %
[[1726.  918. 2644.]
 [ 274. 1082. 1356.]
 [2000. 2000. 4000.]]
Accuracy of se_5: 70 %
[[1658.  846. 2504.]
 [ 342. 1154. 1496.]
 [2000. 2000. 4000.]]
Accuracy of se_6: 68 %
[[1712.  953. 2665.]
 [ 288. 1047. 1335.]
 [2000. 2000. 4000.]]
Accuracy of se_7: 69 %
[[1690.  923. 2613.]
 [ 310. 1077. 1387.]
 [2000. 2000. 4000.]]
Accuracy of se_8: 68 %
[[1865. 1120. 2985.]
 [ 135.  880. 1015.]
 [2000. 2000. 4000.]]
Accuracy of se_9: 70 %
[[1697.  894. 2591.]
 [ 303. 1106. 1409.]
 [2000. 2000. 4000.]]
Accuracy of se_10: 70 %
[[1755.  944. 2699.]
 [ 245. 1056. 1301.]
 [2000. 2000. 4000.]]
Accuracy of se_11: 71 %
[[1683.  835. 2518.]
 [ 317. 1165. 1482.]
 [2000. 2000. 4000.]]
Accuracy of se_12: 77 %
[[1762.  647. 2409.]
 [ 238. 1353. 1591.]
 [2000. 2000. 4000.]]
Accuracy of se_13: 77 %
[[1543.  453. 1996.]
 [ 457. 1547. 2004.]
 [2000. 2000. 4000.]]
Accuracy of se_14: 79 %
[[1776.  606. 2382.]
 [ 224. 1394. 1618.]
 [2000. 2000. 4000.]]
Accuracy of se_15: 80 %
[[1731.  525. 2256.]
 [ 269. 1475. 1744.]
 [2000. 2000. 4000.]]
Accuracy of se_16: 80 %
[[1823.  620. 2443.]
 [ 177. 1380. 1557.]
 [2000. 2000. 4000.]]
Accuracy of se_17: 79 %
[[1872.  683. 2555.]
 [ 128. 1317. 1445.]
 [2000. 2000. 4000.]]
Accuracy of se_18: 78 %
[[1898.  748. 2646.]
 [ 102. 1252. 1354.]
 [2000. 2000. 4000.]]
Accuracy of se_19: 80 %
[[1662.  447. 2109.]
 [ 338. 1553. 1891.]
 [2000. 2000. 4000.]]
Accuracy of se_20: 78 %
[[1896.  744. 2640.]
 [ 104. 1256. 1360.]
 [2000. 2000. 4000.]]
Accuracy of se_21: 81 %
[[1830.  567. 2397.]
 [ 170. 1433. 1603.]
 [2000. 2000. 4000.]]
Accuracy of se_22: 81 %
[[1722.  474. 2196.]
 [ 278. 1526. 1804.]
 [2000. 2000. 4000.]]
Accuracy of se_23: 80 %
[[1792.  557. 2349.]
 [ 208. 1443. 1651.]
 [2000. 2000. 4000.]]
Accuracy of se_24: 80 %
[[1733.  521. 2254.]
 [ 267. 1479. 1746.]
 [2000. 2000. 4000.]]
Accuracy of se_25: 81 %
[[1784.  540. 2324.]
 [ 216. 1460. 1676.]
 [2000. 2000. 4000.]]
Accuracy of se_26: 79 %
[[1803.  607. 2410.]
 [ 197. 1393. 1590.]
 [2000. 2000. 4000.]]
Accuracy of se_27: 81 %
[[1800.  538. 2338.]
 [ 200. 1462. 1662.]
 [2000. 2000. 4000.]]
Accuracy of se_28: 80 %
[[1872.  641. 2513.]
 [ 128. 1359. 1487.]
 [2000. 2000. 4000.]]
Accuracy of se_29: 80 %
[[1689.  479. 2168.]
 [ 311. 1521. 1832.]
 [2000. 2000. 4000.]]
Finished Training