Accuracy of se_0: 72 %
[[1781.  884. 2665.]
 [ 219. 1116. 1335.]
 [2000. 2000. 4000.]]
Accuracy of se_1: 71 %
[[1807.  929. 2736.]
 [ 193. 1071. 1264.]
 [2000. 2000. 4000.]]
Accuracy of se_2: 72 %
[[1742.  852. 2594.]
 [ 258. 1148. 1406.]
 [2000. 2000. 4000.]]
Accuracy of se_3: 74 %
[[1518.  544. 2062.]
 [ 482. 1456. 1938.]
 [2000. 2000. 4000.]]
Accuracy of se_4: 76 %
[[1526.  484. 2010.]
 [ 474. 1516. 1990.]
 [2000. 2000. 4000.]]
Accuracy of se_5: 77 %
[[1733.  617. 2350.]
 [ 267. 1383. 1650.]
 [2000. 2000. 4000.]]
Accuracy of se_6: 78 %
[[1565.  424. 1989.]
 [ 435. 1576. 2011.]
 [2000. 2000. 4000.]]
Accuracy of se_7: 76 %
[[1869.  802. 2671.]
 [ 131. 1198. 1329.]
 [2000. 2000. 4000.]]
Accuracy of se_8: 79 %
[[1722.  536. 2258.]
 [ 278. 1464. 1742.]
 [2000. 2000. 4000.]]
Accuracy of se_9: 79 %
[[1848.  651. 2499.]
 [ 152. 1349. 1501.]
 [2000. 2000. 4000.]]
Accuracy of se_10: 78 %
[[1416.  264. 1680.]
 [ 584. 1736. 2320.]
 [2000. 2000. 4000.]]
Accuracy of se_11: 84 %
[[1828.  461. 2289.]
 [ 172. 1539. 1711.]
 [2000. 2000. 4000.]]
Accuracy of se_12: 84 %
[[1705.  335. 2040.]
 [ 295. 1665. 1960.]
 [2000. 2000. 4000.]]
Accuracy of se_13: 82 %
[[1951.  632. 2583.]
 [  49. 1368. 1417.]
 [2000. 2000. 4000.]]
Accuracy of se_14: 86 %
[[1852.  381. 2233.]
 [ 148. 1619. 1767.]
 [2000. 2000. 4000.]]
Accuracy of se_15: 83 %
[[1662.  321. 1983.]
 [ 338. 1679. 2017.]
 [2000. 2000. 4000.]]
Accuracy of se_16: 85 %
[[1783.  345. 2128.]
 [ 217. 1655. 1872.]
 [2000. 2000. 4000.]]
Accuracy of se_17: 86 %
[[1859.  383. 2242.]
 [ 141. 1617. 1758.]
 [2000. 2000. 4000.]]
Accuracy of se_18: 86 %
[[1866.  390. 2256.]
 [ 134. 1610. 1744.]
 [2000. 2000. 4000.]]
Accuracy of se_19: 85 %
[[1802.  399. 2201.]
 [ 198. 1601. 1799.]
 [2000. 2000. 4000.]]
Accuracy of se_20: 84 %
[[1806.  426. 2232.]
 [ 194. 1574. 1768.]
 [2000. 2000. 4000.]]
Accuracy of se_21: 81 %
[[1591.  323. 1914.]
 [ 409. 1677. 2086.]
 [2000. 2000. 4000.]]
Accuracy of se_22: 87 %
[[1920.  440. 2360.]
 [  80. 1560. 1640.]
 [2000. 2000. 4000.]]
Accuracy of se_23: 85 %
[[1979.  554. 2533.]
 [  21. 1446. 1467.]
 [2000. 2000. 4000.]]
Accuracy of se_24: 87 %
[[1750.  269. 2019.]
 [ 250. 1731. 1981.]
 [2000. 2000. 4000.]]
Accuracy of se_25: 84 %
[[1619.  234. 1853.]
 [ 381. 1766. 2147.]
 [2000. 2000. 4000.]]
Accuracy of se_26: 88 %
[[1890.  354. 2244.]
 [ 110. 1646. 1756.]
 [2000. 2000. 4000.]]
Accuracy of se_27: 88 %
[[1899.  352. 2251.]
 [ 101. 1648. 1749.]
 [2000. 2000. 4000.]]
Accuracy of se_28: 89 %
[[1888.  328. 2216.]
 [ 112. 1672. 1784.]
 [2000. 2000. 4000.]]
Accuracy of se_29: 87 %
[[1907.  397. 2304.]
 [  93. 1603. 1696.]
 [2000. 2000. 4000.]]
Finished Training