Accuracy of se_0: 70 %
[[1604.  800. 2404.]
 [ 396. 1200. 1596.]
 [2000. 2000. 4000.]]
Accuracy of se_1: 69 %
[[1524.  729. 2253.]
 [ 476. 1271. 1747.]
 [2000. 2000. 4000.]]
Accuracy of se_2: 71 %
[[1762.  890. 2652.]
 [ 238. 1110. 1348.]
 [2000. 2000. 4000.]]
Accuracy of se_3: 73 %
[[1717.  758. 2475.]
 [ 283. 1242. 1525.]
 [2000. 2000. 4000.]]
Accuracy of se_4: 79 %
[[1774.  613. 2387.]
 [ 226. 1387. 1613.]
 [2000. 2000. 4000.]]
Accuracy of se_5: 79 %
[[1716.  522. 2238.]
 [ 284. 1478. 1762.]
 [2000. 2000. 4000.]]
Accuracy of se_6: 79 %
[[1887.  705. 2592.]
 [ 113. 1295. 1408.]
 [2000. 2000. 4000.]]
Accuracy of se_7: 81 %
[[1758.  498. 2256.]
 [ 242. 1502. 1744.]
 [2000. 2000. 4000.]]
Accuracy of se_8: 83 %
[[1857.  537. 2394.]
 [ 143. 1463. 1606.]
 [2000. 2000. 4000.]]
Accuracy of se_9: 80 %
[[1617.  381. 1998.]
 [ 383. 1619. 2002.]
 [2000. 2000. 4000.]]
Accuracy of se_10: 83 %
[[1876.  528. 2404.]
 [ 124. 1472. 1596.]
 [2000. 2000. 4000.]]
Accuracy of se_11: 82 %
[[1720.  401. 2121.]
 [ 280. 1599. 1879.]
 [2000. 2000. 4000.]]
Accuracy of se_12: 83 %
[[1811.  455. 2266.]
 [ 189. 1545. 1734.]
 [2000. 2000. 4000.]]
Accuracy of se_13: 81 %
[[1674.  407. 2081.]
 [ 326. 1593. 1919.]
 [2000. 2000. 4000.]]
Accuracy of se_14: 84 %
[[1931.  569. 2500.]
 [  69. 1431. 1500.]
 [2000. 2000. 4000.]]
Accuracy of se_15: 83 %
[[1770.  414. 2184.]
 [ 230. 1586. 1816.]
 [2000. 2000. 4000.]]
Accuracy of se_16: 81 %
[[1605.  336. 1941.]
 [ 395. 1664. 2059.]
 [2000. 2000. 4000.]]
Accuracy of se_17: 83 %
[[1848.  509. 2357.]
 [ 152. 1491. 1643.]
 [2000. 2000. 4000.]]
Accuracy of se_18: 84 %
[[1831.  447. 2278.]
 [ 169. 1553. 1722.]
 [2000. 2000. 4000.]]
Accuracy of se_19: 84 %
[[1833.  465. 2298.]
 [ 167. 1535. 1702.]
 [2000. 2000. 4000.]]
Accuracy of se_20: 84 %
[[1805.  440. 2245.]
 [ 195. 1560. 1755.]
 [2000. 2000. 4000.]]
Accuracy of se_21: 84 %
[[1878.  509. 2387.]
 [ 122. 1491. 1613.]
 [2000. 2000. 4000.]]
Accuracy of se_22: 84 %
[[1810.  437. 2247.]
 [ 190. 1563. 1753.]
 [2000. 2000. 4000.]]
Accuracy of se_23: 83 %
[[1787.  429. 2216.]
 [ 213. 1571. 1784.]
 [2000. 2000. 4000.]]
Accuracy of se_24: 83 %
[[1737.  389. 2126.]
 [ 263. 1611. 1874.]
 [2000. 2000. 4000.]]
Accuracy of se_25: 83 %
[[1783.  426. 2209.]
 [ 217. 1574. 1791.]
 [2000. 2000. 4000.]]
Accuracy of se_26: 84 %
[[1881.  495. 2376.]
 [ 119. 1505. 1624.]
 [2000. 2000. 4000.]]
Accuracy of se_27: 84 %
[[1858.  484. 2342.]
 [ 142. 1516. 1658.]
 [2000. 2000. 4000.]]
Accuracy of se_28: 84 %
[[1864.  491. 2355.]
 [ 136. 1509. 1645.]
 [2000. 2000. 4000.]]
Accuracy of se_29: 84 %
[[1816.  447. 2263.]
 [ 184. 1553. 1737.]
 [2000. 2000. 4000.]]
Finished Training