Accuracy of se_0: 70 %
[[1843. 1032. 2875.]
 [ 157.  968. 1125.]
 [2000. 2000. 4000.]]
Accuracy of se_1: 69 %
[[1510.  734. 2244.]
 [ 490. 1266. 1756.]
 [2000. 2000. 4000.]]
Accuracy of se_2: 71 %
[[1722.  854. 2576.]
 [ 278. 1146. 1424.]
 [2000. 2000. 4000.]]
Accuracy of se_3: 72 %
[[1801.  912. 2713.]
 [ 199. 1088. 1287.]
 [2000. 2000. 4000.]]
Accuracy of se_4: 70 %
[[1440.  631. 2071.]
 [ 560. 1369. 1929.]
 [2000. 2000. 4000.]]
Accuracy of se_5: 71 %
[[1415.  554. 1969.]
 [ 585. 1446. 2031.]
 [2000. 2000. 4000.]]
Accuracy of se_6: 71 %
[[1781.  927. 2708.]
 [ 219. 1073. 1292.]
 [2000. 2000. 4000.]]
Accuracy of se_7: 72 %
[[1828.  911. 2739.]
 [ 172. 1089. 1261.]
 [2000. 2000. 4000.]]
Accuracy of se_8: 71 %
[[1655.  786. 2441.]
 [ 345. 1214. 1559.]
 [2000. 2000. 4000.]]
Accuracy of se_9: 73 %
[[1709.  773. 2482.]
 [ 291. 1227. 1518.]
 [2000. 2000. 4000.]]
Accuracy of se_10: 72 %
[[1712.  816. 2528.]
 [ 288. 1184. 1472.]
 [2000. 2000. 4000.]]
Accuracy of se_11: 76 %
[[1759.  717. 2476.]
 [ 241. 1283. 1524.]
 [2000. 2000. 4000.]]
Accuracy of se_12: 76 %
[[1659.  605. 2264.]
 [ 341. 1395. 1736.]
 [2000. 2000. 4000.]]
Accuracy of se_13: 77 %
[[1856.  762. 2618.]
 [ 144. 1238. 1382.]
 [2000. 2000. 4000.]]
Accuracy of se_14: 77 %
[[1820.  721. 2541.]
 [ 180. 1279. 1459.]
 [2000. 2000. 4000.]]
Accuracy of se_15: 77 %
[[1765.  657. 2422.]
 [ 235. 1343. 1578.]
 [2000. 2000. 4000.]]
Accuracy of se_16: 78 %
[[1870.  716. 2586.]
 [ 130. 1284. 1414.]
 [2000. 2000. 4000.]]
Accuracy of se_17: 78 %
[[1803.  663. 2466.]
 [ 197. 1337. 1534.]
 [2000. 2000. 4000.]]
Accuracy of se_18: 80 %
[[1878.  644. 2522.]
 [ 122. 1356. 1478.]
 [2000. 2000. 4000.]]
Accuracy of se_19: 79 %
[[1847.  657. 2504.]
 [ 153. 1343. 1496.]
 [2000. 2000. 4000.]]
Accuracy of se_20: 80 %
[[1880.  648. 2528.]
 [ 120. 1352. 1472.]
 [2000. 2000. 4000.]]
Accuracy of se_21: 81 %
[[1834.  579. 2413.]
 [ 166. 1421. 1587.]
 [2000. 2000. 4000.]]
Accuracy of se_22: 80 %
[[1799.  570. 2369.]
 [ 201. 1430. 1631.]
 [2000. 2000. 4000.]]
Accuracy of se_23: 82 %
[[1811.  526. 2337.]
 [ 189. 1474. 1663.]
 [2000. 2000. 4000.]]
Accuracy of se_24: 81 %
[[1800.  522. 2322.]
 [ 200. 1478. 1678.]
 [2000. 2000. 4000.]]
Accuracy of se_25: 80 %
[[1794.  575. 2369.]
 [ 206. 1425. 1631.]
 [2000. 2000. 4000.]]
Accuracy of se_26: 82 %
[[1907.  609. 2516.]
 [  93. 1391. 1484.]
 [2000. 2000. 4000.]]
Accuracy of se_27: 84 %
[[1878.  518. 2396.]
 [ 122. 1482. 1604.]
 [2000. 2000. 4000.]]
Accuracy of se_28: 82 %
[[1852.  560. 2412.]
 [ 148. 1440. 1588.]
 [2000. 2000. 4000.]]
Accuracy of se_29: 81 %
[[1862.  586. 2448.]
 [ 138. 1414. 1552.]
 [2000. 2000. 4000.]]
Finished Training