Accuracy of se_0: 72 %
[[1508.  591. 2099.]
 [ 492. 1409. 1901.]
 [2000. 2000. 4000.]]
Accuracy of se_1: 73 %
[[1793.  872. 2665.]
 [ 207. 1128. 1335.]
 [2000. 2000. 4000.]]
Accuracy of se_2: 70 %
[[1615.  780. 2395.]
 [ 385. 1220. 1605.]
 [2000. 2000. 4000.]]
Accuracy of se_3: 75 %
[[1788.  770. 2558.]
 [ 212. 1230. 1442.]
 [2000. 2000. 4000.]]
Accuracy of se_4: 84 %
[[1765.  396. 2161.]
 [ 235. 1604. 1839.]
 [2000. 2000. 4000.]]
Accuracy of se_5: 84 %
[[1775.  387. 2162.]
 [ 225. 1613. 1838.]
 [2000. 2000. 4000.]]
Accuracy of se_6: 84 %
[[1768.  398. 2166.]
 [ 232. 1602. 1834.]
 [2000. 2000. 4000.]]
Accuracy of se_7: 83 %
[[1915.  557. 2472.]
 [  85. 1443. 1528.]
 [2000. 2000. 4000.]]
Accuracy of se_8: 83 %
[[1683.  345. 2028.]
 [ 317. 1655. 1972.]
 [2000. 2000. 4000.]]
Accuracy of se_9: 85 %
[[1789.  361. 2150.]
 [ 211. 1639. 1850.]
 [2000. 2000. 4000.]]
Accuracy of se_10: 86 %
[[1825.  376. 2201.]
 [ 175. 1624. 1799.]
 [2000. 2000. 4000.]]
Accuracy of se_11: 85 %
[[1809.  375. 2184.]
 [ 191. 1625. 1816.]
 [2000. 2000. 4000.]]
Accuracy of se_12: 85 %
[[1803.  392. 2195.]
 [ 197. 1608. 1805.]
 [2000. 2000. 4000.]]
Accuracy of se_13: 84 %
[[1816.  427. 2243.]
 [ 184. 1573. 1757.]
 [2000. 2000. 4000.]]
Accuracy of se_14: 86 %
[[1809.  350. 2159.]
 [ 191. 1650. 1841.]
 [2000. 2000. 4000.]]
Accuracy of se_15: 85 %
[[1749.  339. 2088.]
 [ 251. 1661. 1912.]
 [2000. 2000. 4000.]]
Accuracy of se_16: 86 %
[[1886.  423. 2309.]
 [ 114. 1577. 1691.]
 [2000. 2000. 4000.]]
Accuracy of se_17: 83 %
[[1765.  424. 2189.]
 [ 235. 1576. 1811.]
 [2000. 2000. 4000.]]
Accuracy of se_18: 86 %
[[1780.  330. 2110.]
 [ 220. 1670. 1890.]
 [2000. 2000. 4000.]]
Accuracy of se_19: 86 %
[[1892.  423. 2315.]
 [ 108. 1577. 1685.]
 [2000. 2000. 4000.]]
Accuracy of se_20: 86 %
[[1836.  385. 2221.]
 [ 164. 1615. 1779.]
 [2000. 2000. 4000.]]
Accuracy of se_21: 86 %
[[1903.  458. 2361.]
 [  97. 1542. 1639.]
 [2000. 2000. 4000.]]
Accuracy of se_22: 86 %
[[1917.  446. 2363.]
 [  83. 1554. 1637.]
 [2000. 2000. 4000.]]
Accuracy of se_23: 86 %
[[1832.  364. 2196.]
 [ 168. 1636. 1804.]
 [2000. 2000. 4000.]]
Accuracy of se_24: 85 %
[[1769.  354. 2123.]
 [ 231. 1646. 1877.]
 [2000. 2000. 4000.]]
Accuracy of se_25: 86 %
[[1916.  442. 2358.]
 [  84. 1558. 1642.]
 [2000. 2000. 4000.]]
Accuracy of se_26: 87 %
[[1876.  378. 2254.]
 [ 124. 1622. 1746.]
 [2000. 2000. 4000.]]
Accuracy of se_27: 87 %
[[1873.  386. 2259.]
 [ 127. 1614. 1741.]
 [2000. 2000. 4000.]]
Accuracy of se_28: 86 %
[[1787.  338. 2125.]
 [ 213. 1662. 1875.]
 [2000. 2000. 4000.]]
Accuracy of se_29: 87 %
[[1874.  366. 2240.]
 [ 126. 1634. 1760.]
 [2000. 2000. 4000.]]
Finished Training