Accuracy of se_0: 70 %
[[1578.  773. 2351.]
 [ 422. 1227. 1649.]
 [2000. 2000. 4000.]]
Accuracy of se_1: 71 %
[[1720.  878. 2598.]
 [ 280. 1122. 1402.]
 [2000. 2000. 4000.]]
Accuracy of se_2: 73 %
[[1650.  715. 2365.]
 [ 350. 1285. 1635.]
 [2000. 2000. 4000.]]
Accuracy of se_3: 75 %
[[1712.  686. 2398.]
 [ 288. 1314. 1602.]
 [2000. 2000. 4000.]]
Accuracy of se_4: 76 %
[[1782.  720. 2502.]
 [ 218. 1280. 1498.]
 [2000. 2000. 4000.]]
Accuracy of se_5: 77 %
[[1714.  606. 2320.]
 [ 286. 1394. 1680.]
 [2000. 2000. 4000.]]
Accuracy of se_6: 79 %
[[1687.  488. 2175.]
 [ 313. 1512. 1825.]
 [2000. 2000. 4000.]]
Accuracy of se_7: 80 %
[[1821.  616. 2437.]
 [ 179. 1384. 1563.]
 [2000. 2000. 4000.]]
Accuracy of se_8: 78 %
[[1598.  441. 2039.]
 [ 402. 1559. 1961.]
 [2000. 2000. 4000.]]
Accuracy of se_9: 81 %
[[1724.  456. 2180.]
 [ 276. 1544. 1820.]
 [2000. 2000. 4000.]]
Accuracy of se_10: 82 %
[[1791.  487. 2278.]
 [ 209. 1513. 1722.]
 [2000. 2000. 4000.]]
Accuracy of se_11: 81 %
[[1572.  313. 1885.]
 [ 428. 1687. 2115.]
 [2000. 2000. 4000.]]
Accuracy of se_12: 85 %
[[1890.  476. 2366.]
 [ 110. 1524. 1634.]
 [2000. 2000. 4000.]]
Accuracy of se_13: 85 %
[[1850.  442. 2292.]
 [ 150. 1558. 1708.]
 [2000. 2000. 4000.]]
Accuracy of se_14: 85 %
[[1796.  364. 2160.]
 [ 204. 1636. 1840.]
 [2000. 2000. 4000.]]
Accuracy of se_15: 83 %
[[1723.  397. 2120.]
 [ 277. 1603. 1880.]
 [2000. 2000. 4000.]]
Accuracy of se_16: 86 %
[[1936.  485. 2421.]
 [  64. 1515. 1579.]
 [2000. 2000. 4000.]]
Accuracy of se_17: 86 %
[[1908.  442. 2350.]
 [  92. 1558. 1650.]
 [2000. 2000. 4000.]]
Accuracy of se_18: 86 %
[[1871.  419. 2290.]
 [ 129. 1581. 1710.]
 [2000. 2000. 4000.]]
Accuracy of se_19: 86 %
[[1936.  495. 2431.]
 [  64. 1505. 1569.]
 [2000. 2000. 4000.]]
Accuracy of se_20: 86 %
[[1931.  461. 2392.]
 [  69. 1539. 1608.]
 [2000. 2000. 4000.]]
Accuracy of se_21: 87 %
[[1908.  413. 2321.]
 [  92. 1587. 1679.]
 [2000. 2000. 4000.]]
Accuracy of se_22: 87 %
[[1802.  314. 2116.]
 [ 198. 1686. 1884.]
 [2000. 2000. 4000.]]
Accuracy of se_23: 87 %
[[1882.  384. 2266.]
 [ 118. 1616. 1734.]
 [2000. 2000. 4000.]]
Accuracy of se_24: 88 %
[[1839.  310. 2149.]
 [ 161. 1690. 1851.]
 [2000. 2000. 4000.]]
Accuracy of se_25: 88 %
[[1938.  400. 2338.]
 [  62. 1600. 1662.]
 [2000. 2000. 4000.]]
Accuracy of se_26: 86 %
[[1810.  336. 2146.]
 [ 190. 1664. 1854.]
 [2000. 2000. 4000.]]
Accuracy of se_27: 87 %
[[1940.  453. 2393.]
 [  60. 1547. 1607.]
 [2000. 2000. 4000.]]
Accuracy of se_28: 87 %
[[1832.  314. 2146.]
 [ 168. 1686. 1854.]
 [2000. 2000. 4000.]]
Accuracy of se_29: 87 %
[[1953.  452. 2405.]
 [  47. 1548. 1595.]
 [2000. 2000. 4000.]]
Finished Training