Accuracy of se_0: 68 %
[[1446.  694. 2140.]
 [ 554. 1306. 1860.]
 [2000. 2000. 4000.]]
Accuracy of se_1: 71 %
[[1739.  894. 2633.]
 [ 261. 1106. 1367.]
 [2000. 2000. 4000.]]
Accuracy of se_2: 68 %
[[1898. 1141. 3039.]
 [ 102.  859.  961.]
 [2000. 2000. 4000.]]
Accuracy of se_3: 71 %
[[1631.  780. 2411.]
 [ 369. 1220. 1589.]
 [2000. 2000. 4000.]]
Accuracy of se_4: 70 %
[[1655.  822. 2477.]
 [ 345. 1178. 1523.]
 [2000. 2000. 4000.]]
Accuracy of se_5: 72 %
[[1598.  708. 2306.]
 [ 402. 1292. 1694.]
 [2000. 2000. 4000.]]
Accuracy of se_6: 70 %
[[1339.  516. 1855.]
 [ 661. 1484. 2145.]
 [2000. 2000. 4000.]]
Accuracy of se_7: 76 %
[[1708.  648. 2356.]
 [ 292. 1352. 1644.]
 [2000. 2000. 4000.]]
Accuracy of se_8: 77 %
[[1799.  690. 2489.]
 [ 201. 1310. 1511.]
 [2000. 2000. 4000.]]
Accuracy of se_9: 75 %
[[1425.  400. 1825.]
 [ 575. 1600. 2175.]
 [2000. 2000. 4000.]]
Accuracy of se_10: 74 %
[[1455.  464. 1919.]
 [ 545. 1536. 2081.]
 [2000. 2000. 4000.]]
Accuracy of se_11: 79 %
[[1794.  628. 2422.]
 [ 206. 1372. 1578.]
 [2000. 2000. 4000.]]
Accuracy of se_12: 78 %
[[1876.  742. 2618.]
 [ 124. 1258. 1382.]
 [2000. 2000. 4000.]]
Accuracy of se_13: 78 %
[[1772.  618. 2390.]
 [ 228. 1382. 1610.]
 [2000. 2000. 4000.]]
Accuracy of se_14: 78 %
[[1689.  542. 2231.]
 [ 311. 1458. 1769.]
 [2000. 2000. 4000.]]
Accuracy of se_15: 78 %
[[1809.  671. 2480.]
 [ 191. 1329. 1520.]
 [2000. 2000. 4000.]]
Accuracy of se_16: 79 %
[[1731.  556. 2287.]
 [ 269. 1444. 1713.]
 [2000. 2000. 4000.]]
Accuracy of se_17: 80 %
[[1782.  582. 2364.]
 [ 218. 1418. 1636.]
 [2000. 2000. 4000.]]
Accuracy of se_18: 79 %
[[1754.  565. 2319.]
 [ 246. 1435. 1681.]
 [2000. 2000. 4000.]]
Accuracy of se_19: 79 %
[[1895.  724. 2619.]
 [ 105. 1276. 1381.]
 [2000. 2000. 4000.]]
Accuracy of se_20: 80 %
[[1789.  569. 2358.]
 [ 211. 1431. 1642.]
 [2000. 2000. 4000.]]
Accuracy of se_21: 81 %
[[1875.  616. 2491.]
 [ 125. 1384. 1509.]
 [2000. 2000. 4000.]]
Accuracy of se_22: 80 %
[[1713.  493. 2206.]
 [ 287. 1507. 1794.]
 [2000. 2000. 4000.]]
Accuracy of se_23: 82 %
[[1780.  486. 2266.]
 [ 220. 1514. 1734.]
 [2000. 2000. 4000.]]
Accuracy of se_24: 81 %
[[1729.  466. 2195.]
 [ 271. 1534. 1805.]
 [2000. 2000. 4000.]]
Accuracy of se_25: 82 %
[[1835.  544. 2379.]
 [ 165. 1456. 1621.]
 [2000. 2000. 4000.]]
Accuracy of se_26: 82 %
[[1859.  576. 2435.]
 [ 141. 1424. 1565.]
 [2000. 2000. 4000.]]
Accuracy of se_27: 81 %
[[1766.  504. 2270.]
 [ 234. 1496. 1730.]
 [2000. 2000. 4000.]]
Accuracy of se_28: 81 %
[[1589.  331. 1920.]
 [ 411. 1669. 2080.]
 [2000. 2000. 4000.]]
Accuracy of se_29: 80 %
[[1523.  319. 1842.]
 [ 477. 1681. 2158.]
 [2000. 2000. 4000.]]
Finished Training