Accuracy of se_0: 69 %
[[1453.  685. 2138.]
 [ 547. 1315. 1862.]
 [2000. 2000. 4000.]]
Accuracy of se_1: 71 %
[[1496.  652. 2148.]
 [ 504. 1348. 1852.]
 [2000. 2000. 4000.]]
Accuracy of se_2: 71 %
[[1706.  840. 2546.]
 [ 294. 1160. 1454.]
 [2000. 2000. 4000.]]
Accuracy of se_3: 77 %
[[1688.  584. 2272.]
 [ 312. 1416. 1728.]
 [2000. 2000. 4000.]]
Accuracy of se_4: 75 %
[[1743.  726. 2469.]
 [ 257. 1274. 1531.]
 [2000. 2000. 4000.]]
Accuracy of se_5: 79 %
[[1604.  435. 2039.]
 [ 396. 1565. 1961.]
 [2000. 2000. 4000.]]
Accuracy of se_6: 81 %
[[1868.  613. 2481.]
 [ 132. 1387. 1519.]
 [2000. 2000. 4000.]]
Accuracy of se_7: 81 %
[[1511.  271. 1782.]
 [ 489. 1729. 2218.]
 [2000. 2000. 4000.]]
Accuracy of se_8: 83 %
[[1730.  376. 2106.]
 [ 270. 1624. 1894.]
 [2000. 2000. 4000.]]
Accuracy of se_9: 82 %
[[1961.  679. 2640.]
 [  39. 1321. 1360.]
 [2000. 2000. 4000.]]
Accuracy of se_10: 85 %
[[1898.  494. 2392.]
 [ 102. 1506. 1608.]
 [2000. 2000. 4000.]]
Accuracy of se_11: 86 %
[[1857.  393. 2250.]
 [ 143. 1607. 1750.]
 [2000. 2000. 4000.]]
Accuracy of se_12: 86 %
[[1739.  298. 2037.]
 [ 261. 1702. 1963.]
 [2000. 2000. 4000.]]
Accuracy of se_13: 86 %
[[1683.  205. 1888.]
 [ 317. 1795. 2112.]
 [2000. 2000. 4000.]]
Accuracy of se_14: 87 %
[[1725.  214. 1939.]
 [ 275. 1786. 2061.]
 [2000. 2000. 4000.]]
Accuracy of se_15: 89 %
[[1893.  306. 2199.]
 [ 107. 1694. 1801.]
 [2000. 2000. 4000.]]
Accuracy of se_16: 80 %
[[1351.  146. 1497.]
 [ 649. 1854. 2503.]
 [2000. 2000. 4000.]]
Accuracy of se_17: 89 %
[[1880.  299. 2179.]
 [ 120. 1701. 1821.]
 [2000. 2000. 4000.]]
Accuracy of se_18: 90 %
[[1902.  285. 2187.]
 [  98. 1715. 1813.]
 [2000. 2000. 4000.]]
Accuracy of se_19: 88 %
[[1812.  255. 2067.]
 [ 188. 1745. 1933.]
 [2000. 2000. 4000.]]
Accuracy of se_20: 90 %
[[1919.  299. 2218.]
 [  81. 1701. 1782.]
 [2000. 2000. 4000.]]
Accuracy of se_21: 89 %
[[1860.  268. 2128.]
 [ 140. 1732. 1872.]
 [2000. 2000. 4000.]]
Accuracy of se_22: 89 %
[[1809.  220. 2029.]
 [ 191. 1780. 1971.]
 [2000. 2000. 4000.]]
Accuracy of se_23: 89 %
[[1801.  208. 2009.]
 [ 199. 1792. 1991.]
 [2000. 2000. 4000.]]
Accuracy of se_24: 90 %
[[1820.  217. 2037.]
 [ 180. 1783. 1963.]
 [2000. 2000. 4000.]]
Accuracy of se_25: 91 %
[[1945.  295. 2240.]
 [  55. 1705. 1760.]
 [2000. 2000. 4000.]]
Accuracy of se_26: 91 %
[[1875.  212. 2087.]
 [ 125. 1788. 1913.]
 [2000. 2000. 4000.]]
Accuracy of se_27: 89 %
[[1775.  188. 1963.]
 [ 225. 1812. 2037.]
 [2000. 2000. 4000.]]
Accuracy of se_28: 91 %
[[1915.  259. 2174.]
 [  85. 1741. 1826.]
 [2000. 2000. 4000.]]
Accuracy of se_29: 90 %
[[1953.  333. 2286.]
 [  47. 1667. 1714.]
 [2000. 2000. 4000.]]
Finished Training