Accuracy of se_0: 60 %
[[1890. 1485. 3375.]
 [ 110.  515.  625.]
 [2000. 2000. 4000.]]
Accuracy of se_1: 71 %
[[1714.  861. 2575.]
 [ 286. 1139. 1425.]
 [2000. 2000. 4000.]]
Accuracy of se_2: 77 %
[[1707.  622. 2329.]
 [ 293. 1378. 1671.]
 [2000. 2000. 4000.]]
Accuracy of se_3: 82 %
[[1708.  426. 2134.]
 [ 292. 1574. 1866.]
 [2000. 2000. 4000.]]
Accuracy of se_4: 83 %
[[1796.  449. 2245.]
 [ 204. 1551. 1755.]
 [2000. 2000. 4000.]]
Accuracy of se_5: 82 %
[[1938.  642. 2580.]
 [  62. 1358. 1420.]
 [2000. 2000. 4000.]]
Accuracy of se_6: 82 %
[[1828.  536. 2364.]
 [ 172. 1464. 1636.]
 [2000. 2000. 4000.]]
Accuracy of se_7: 83 %
[[1862.  535. 2397.]
 [ 138. 1465. 1603.]
 [2000. 2000. 4000.]]
Accuracy of se_8: 83 %
[[1803.  446. 2249.]
 [ 197. 1554. 1751.]
 [2000. 2000. 4000.]]
Accuracy of se_9: 84 %
[[1866.  479. 2345.]
 [ 134. 1521. 1655.]
 [2000. 2000. 4000.]]
Accuracy of se_10: 85 %
[[1805.  382. 2187.]
 [ 195. 1618. 1813.]
 [2000. 2000. 4000.]]
Accuracy of se_11: 85 %
[[1865.  444. 2309.]
 [ 135. 1556. 1691.]
 [2000. 2000. 4000.]]
Accuracy of se_12: 85 %
[[1860.  449. 2309.]
 [ 140. 1551. 1691.]
 [2000. 2000. 4000.]]
Accuracy of se_13: 85 %
[[1882.  478. 2360.]
 [ 118. 1522. 1640.]
 [2000. 2000. 4000.]]
Accuracy of se_14: 85 %
[[1822.  405. 2227.]
 [ 178. 1595. 1773.]
 [2000. 2000. 4000.]]
Accuracy of se_15: 83 %
[[1686.  341. 2027.]
 [ 314. 1659. 1973.]
 [2000. 2000. 4000.]]
Accuracy of se_16: 86 %
[[1881.  428. 2309.]
 [ 119. 1572. 1691.]
 [2000. 2000. 4000.]]
Accuracy of se_17: 86 %
[[1826.  363. 2189.]
 [ 174. 1637. 1811.]
 [2000. 2000. 4000.]]
Accuracy of se_18: 85 %
[[1784.  359. 2143.]
 [ 216. 1641. 1857.]
 [2000. 2000. 4000.]]
Accuracy of se_19: 84 %
[[1824.  436. 2260.]
 [ 176. 1564. 1740.]
 [2000. 2000. 4000.]]
Accuracy of se_20: 86 %
[[1872.  417. 2289.]
 [ 128. 1583. 1711.]
 [2000. 2000. 4000.]]
Accuracy of se_21: 85 %
[[1810.  400. 2210.]
 [ 190. 1600. 1790.]
 [2000. 2000. 4000.]]
Accuracy of se_22: 84 %
[[1925.  533. 2458.]
 [  75. 1467. 1542.]
 [2000. 2000. 4000.]]
Accuracy of se_23: 85 %
[[1914.  514. 2428.]
 [  86. 1486. 1572.]
 [2000. 2000. 4000.]]
Accuracy of se_24: 85 %
[[1826.  389. 2215.]
 [ 174. 1611. 1785.]
 [2000. 2000. 4000.]]
Accuracy of se_25: 86 %
[[1776.  322. 2098.]
 [ 224. 1678. 1902.]
 [2000. 2000. 4000.]]
Accuracy of se_26: 83 %
[[1753.  402. 2155.]
 [ 247. 1598. 1845.]
 [2000. 2000. 4000.]]
Accuracy of se_27: 86 %
[[1822.  360. 2182.]
 [ 178. 1640. 1818.]
 [2000. 2000. 4000.]]
Accuracy of se_28: 86 %
[[1813.  361. 2174.]
 [ 187. 1639. 1826.]
 [2000. 2000. 4000.]]
Accuracy of se_29: 85 %
[[1936.  497. 2433.]
 [  64. 1503. 1567.]
 [2000. 2000. 4000.]]
Finished Training