Accuracy of se_0: 68 %
[[1767. 1045. 2812.]
 [ 233.  955. 1188.]
 [2000. 2000. 4000.]]
Accuracy of se_1: 70 %
[[1576.  771. 2347.]
 [ 424. 1229. 1653.]
 [2000. 2000. 4000.]]
Accuracy of se_2: 72 %
[[1634.  747. 2381.]
 [ 366. 1253. 1619.]
 [2000. 2000. 4000.]]
Accuracy of se_3: 73 %
[[1897.  953. 2850.]
 [ 103. 1047. 1150.]
 [2000. 2000. 4000.]]
Accuracy of se_4: 76 %
[[1823.  765. 2588.]
 [ 177. 1235. 1412.]
 [2000. 2000. 4000.]]
Accuracy of se_5: 77 %
[[1830.  745. 2575.]
 [ 170. 1255. 1425.]
 [2000. 2000. 4000.]]
Accuracy of se_6: 75 %
[[1585.  573. 2158.]
 [ 415. 1427. 1842.]
 [2000. 2000. 4000.]]
Accuracy of se_7: 76 %
[[1826.  763. 2589.]
 [ 174. 1237. 1411.]
 [2000. 2000. 4000.]]
Accuracy of se_8: 76 %
[[1670.  593. 2263.]
 [ 330. 1407. 1737.]
 [2000. 2000. 4000.]]
Accuracy of se_9: 77 %
[[1736.  656. 2392.]
 [ 264. 1344. 1608.]
 [2000. 2000. 4000.]]
Accuracy of se_10: 78 %
[[1765.  635. 2400.]
 [ 235. 1365. 1600.]
 [2000. 2000. 4000.]]
Accuracy of se_11: 77 %
[[1641.  546. 2187.]
 [ 359. 1454. 1813.]
 [2000. 2000. 4000.]]
Accuracy of se_12: 76 %
[[1500.  458. 1958.]
 [ 500. 1542. 2042.]
 [2000. 2000. 4000.]]
Accuracy of se_13: 72 %
[[1263.  351. 1614.]
 [ 737. 1649. 2386.]
 [2000. 2000. 4000.]]
Accuracy of se_14: 77 %
[[1640.  537. 2177.]
 [ 360. 1463. 1823.]
 [2000. 2000. 4000.]]
Accuracy of se_15: 78 %
[[1766.  619. 2385.]
 [ 234. 1381. 1615.]
 [2000. 2000. 4000.]]
Accuracy of se_16: 77 %
[[1783.  702. 2485.]
 [ 217. 1298. 1515.]
 [2000. 2000. 4000.]]
Accuracy of se_17: 76 %
[[1544.  496. 2040.]
 [ 456. 1504. 1960.]
 [2000. 2000. 4000.]]
Accuracy of se_18: 78 %
[[1759.  619. 2378.]
 [ 241. 1381. 1622.]
 [2000. 2000. 4000.]]
Accuracy of se_19: 77 %
[[1817.  725. 2542.]
 [ 183. 1275. 1458.]
 [2000. 2000. 4000.]]
Accuracy of se_20: 78 %
[[1725.  585. 2310.]
 [ 275. 1415. 1690.]
 [2000. 2000. 4000.]]
Accuracy of se_21: 77 %
[[1698.  579. 2277.]
 [ 302. 1421. 1723.]
 [2000. 2000. 4000.]]
Accuracy of se_22: 74 %
[[1350.  376. 1726.]
 [ 650. 1624. 2274.]
 [2000. 2000. 4000.]]
Accuracy of se_23: 79 %
[[1794.  634. 2428.]
 [ 206. 1366. 1572.]
 [2000. 2000. 4000.]]
Accuracy of se_24: 76 %
[[1564.  501. 2065.]
 [ 436. 1499. 1935.]
 [2000. 2000. 4000.]]
Accuracy of se_25: 77 %
[[1682.  580. 2262.]
 [ 318. 1420. 1738.]
 [2000. 2000. 4000.]]
Accuracy of se_26: 77 %
[[1698.  588. 2286.]
 [ 302. 1412. 1714.]
 [2000. 2000. 4000.]]
Accuracy of se_27: 77 %
[[1824.  721. 2545.]
 [ 176. 1279. 1455.]
 [2000. 2000. 4000.]]
Accuracy of se_28: 76 %
[[1502.  462. 1964.]
 [ 498. 1538. 2036.]
 [2000. 2000. 4000.]]
Accuracy of se_29: 77 %
[[1727.  613. 2340.]
 [ 273. 1387. 1660.]
 [2000. 2000. 4000.]]
Finished Training