Accuracy of se_0: 68 %
[[1766. 1014. 2780.]
 [ 234.  986. 1220.]
 [2000. 2000. 4000.]]
Accuracy of se_1: 70 %
[[1762.  946. 2708.]
 [ 238. 1054. 1292.]
 [2000. 2000. 4000.]]
Accuracy of se_2: 75 %
[[1711.  708. 2419.]
 [ 289. 1292. 1581.]
 [2000. 2000. 4000.]]
Accuracy of se_3: 77 %
[[1573.  484. 2057.]
 [ 427. 1516. 1943.]
 [2000. 2000. 4000.]]
Accuracy of se_4: 76 %
[[1594.  525. 2119.]
 [ 406. 1475. 1881.]
 [2000. 2000. 4000.]]
Accuracy of se_5: 77 %
[[1921.  833. 2754.]
 [  79. 1167. 1246.]
 [2000. 2000. 4000.]]
Accuracy of se_6: 76 %
[[1937.  861. 2798.]
 [  63. 1139. 1202.]
 [2000. 2000. 4000.]]
Accuracy of se_7: 80 %
[[1718.  497. 2215.]
 [ 282. 1503. 1785.]
 [2000. 2000. 4000.]]
Accuracy of se_8: 79 %
[[1862.  687. 2549.]
 [ 138. 1313. 1451.]
 [2000. 2000. 4000.]]
Accuracy of se_9: 80 %
[[1648.  445. 2093.]
 [ 352. 1555. 1907.]
 [2000. 2000. 4000.]]
Accuracy of se_10: 80 %
[[1865.  657. 2522.]
 [ 135. 1343. 1478.]
 [2000. 2000. 4000.]]
Accuracy of se_11: 80 %
[[1767.  566. 2333.]
 [ 233. 1434. 1667.]
 [2000. 2000. 4000.]]
Accuracy of se_12: 81 %
[[1720.  478. 2198.]
 [ 280. 1522. 1802.]
 [2000. 2000. 4000.]]
Accuracy of se_13: 79 %
[[1836.  638. 2474.]
 [ 164. 1362. 1526.]
 [2000. 2000. 4000.]]
Accuracy of se_14: 80 %
[[1740.  521. 2261.]
 [ 260. 1479. 1739.]
 [2000. 2000. 4000.]]
Accuracy of se_15: 79 %
[[1901.  729. 2630.]
 [  99. 1271. 1370.]
 [2000. 2000. 4000.]]
Accuracy of se_16: 79 %
[[1628.  438. 2066.]
 [ 372. 1562. 1934.]
 [2000. 2000. 4000.]]
Accuracy of se_17: 79 %
[[1554.  392. 1946.]
 [ 446. 1608. 2054.]
 [2000. 2000. 4000.]]
Accuracy of se_18: 79 %
[[1788.  606. 2394.]
 [ 212. 1394. 1606.]
 [2000. 2000. 4000.]]
Accuracy of se_19: 81 %
[[1815.  560. 2375.]
 [ 185. 1440. 1625.]
 [2000. 2000. 4000.]]
Accuracy of se_20: 79 %
[[1866.  676. 2542.]
 [ 134. 1324. 1458.]
 [2000. 2000. 4000.]]
Accuracy of se_21: 80 %
[[1822.  602. 2424.]
 [ 178. 1398. 1576.]
 [2000. 2000. 4000.]]
Accuracy of se_22: 79 %
[[1723.  538. 2261.]
 [ 277. 1462. 1739.]
 [2000. 2000. 4000.]]
Accuracy of se_23: 79 %
[[1682.  500. 2182.]
 [ 318. 1500. 1818.]
 [2000. 2000. 4000.]]
Accuracy of se_24: 81 %
[[1842.  592. 2434.]
 [ 158. 1408. 1566.]
 [2000. 2000. 4000.]]
Accuracy of se_25: 81 %
[[1782.  539. 2321.]
 [ 218. 1461. 1679.]
 [2000. 2000. 4000.]]
Accuracy of se_26: 81 %
[[1776.  534. 2310.]
 [ 224. 1466. 1690.]
 [2000. 2000. 4000.]]
Accuracy of se_27: 81 %
[[1860.  614. 2474.]
 [ 140. 1386. 1526.]
 [2000. 2000. 4000.]]
Accuracy of se_28: 80 %
[[1674.  467. 2141.]
 [ 326. 1533. 1859.]
 [2000. 2000. 4000.]]
Accuracy of se_29: 81 %
[[1780.  532. 2312.]
 [ 220. 1468. 1688.]
 [2000. 2000. 4000.]]
Finished Training