Accuracy of se_0: 70 %
[[1737.  926. 2663.]
 [ 263. 1074. 1337.]
 [2000. 2000. 4000.]]
Accuracy of se_1: 72 %
[[1783.  875. 2658.]
 [ 217. 1125. 1342.]
 [2000. 2000. 4000.]]
Accuracy of se_2: 70 %
[[1836. 1031. 2867.]
 [ 164.  969. 1133.]
 [2000. 2000. 4000.]]
Accuracy of se_3: 70 %
[[1609.  779. 2388.]
 [ 391. 1221. 1612.]
 [2000. 2000. 4000.]]
Accuracy of se_4: 71 %
[[1659.  814. 2473.]
 [ 341. 1186. 1527.]
 [2000. 2000. 4000.]]
Accuracy of se_5: 77 %
[[1686.  594. 2280.]
 [ 314. 1406. 1720.]
 [2000. 2000. 4000.]]
Accuracy of se_6: 75 %
[[1940.  923. 2863.]
 [  60. 1077. 1137.]
 [2000. 2000. 4000.]]
Accuracy of se_7: 77 %
[[1875.  760. 2635.]
 [ 125. 1240. 1365.]
 [2000. 2000. 4000.]]
Accuracy of se_8: 80 %
[[1784.  549. 2333.]
 [ 216. 1451. 1667.]
 [2000. 2000. 4000.]]
Accuracy of se_9: 81 %
[[1822.  560. 2382.]
 [ 178. 1440. 1618.]
 [2000. 2000. 4000.]]
Accuracy of se_10: 82 %
[[1784.  493. 2277.]
 [ 216. 1507. 1723.]
 [2000. 2000. 4000.]]
Accuracy of se_11: 82 %
[[1712.  421. 2133.]
 [ 288. 1579. 1867.]
 [2000. 2000. 4000.]]
Accuracy of se_12: 82 %
[[1759.  449. 2208.]
 [ 241. 1551. 1792.]
 [2000. 2000. 4000.]]
Accuracy of se_13: 82 %
[[1730.  439. 2169.]
 [ 270. 1561. 1831.]
 [2000. 2000. 4000.]]
Accuracy of se_14: 83 %
[[1878.  531. 2409.]
 [ 122. 1469. 1591.]
 [2000. 2000. 4000.]]
Accuracy of se_15: 83 %
[[1855.  523. 2378.]
 [ 145. 1477. 1622.]
 [2000. 2000. 4000.]]
Accuracy of se_16: 83 %
[[1854.  500. 2354.]
 [ 146. 1500. 1646.]
 [2000. 2000. 4000.]]
Accuracy of se_17: 83 %
[[1745.  396. 2141.]
 [ 255. 1604. 1859.]
 [2000. 2000. 4000.]]
Accuracy of se_18: 82 %
[[1732.  414. 2146.]
 [ 268. 1586. 1854.]
 [2000. 2000. 4000.]]
Accuracy of se_19: 83 %
[[1910.  569. 2479.]
 [  90. 1431. 1521.]
 [2000. 2000. 4000.]]
Accuracy of se_20: 81 %
[[1659.  387. 2046.]
 [ 341. 1613. 1954.]
 [2000. 2000. 4000.]]
Accuracy of se_21: 83 %
[[1758.  399. 2157.]
 [ 242. 1601. 1843.]
 [2000. 2000. 4000.]]
Accuracy of se_22: 85 %
[[1853.  451. 2304.]
 [ 147. 1549. 1696.]
 [2000. 2000. 4000.]]
Accuracy of se_23: 84 %
[[1799.  409. 2208.]
 [ 201. 1591. 1792.]
 [2000. 2000. 4000.]]
Accuracy of se_24: 84 %
[[1844.  460. 2304.]
 [ 156. 1540. 1696.]
 [2000. 2000. 4000.]]
Accuracy of se_25: 82 %
[[1691.  390. 2081.]
 [ 309. 1610. 1919.]
 [2000. 2000. 4000.]]
Accuracy of se_26: 83 %
[[1887.  541. 2428.]
 [ 113. 1459. 1572.]
 [2000. 2000. 4000.]]
Accuracy of se_27: 83 %
[[1863.  519. 2382.]
 [ 137. 1481. 1618.]
 [2000. 2000. 4000.]]
Accuracy of se_28: 83 %
[[1760.  433. 2193.]
 [ 240. 1567. 1807.]
 [2000. 2000. 4000.]]
Accuracy of se_29: 84 %
[[1727.  355. 2082.]
 [ 273. 1645. 1918.]
 [2000. 2000. 4000.]]
Finished Training