Accuracy of se_0: 68 %
[[1545.  786. 2331.]
 [ 455. 1214. 1669.]
 [2000. 2000. 4000.]]
Accuracy of se_1: 71 %
[[1754.  897. 2651.]
 [ 246. 1103. 1349.]
 [2000. 2000. 4000.]]
Accuracy of se_2: 69 %
[[1590.  814. 2404.]
 [ 410. 1186. 1596.]
 [2000. 2000. 4000.]]
Accuracy of se_3: 71 %
[[1877. 1017. 2894.]
 [ 123.  983. 1106.]
 [2000. 2000. 4000.]]
Accuracy of se_4: 71 %
[[1639.  776. 2415.]
 [ 361. 1224. 1585.]
 [2000. 2000. 4000.]]
Accuracy of se_5: 71 %
[[1798.  941. 2739.]
 [ 202. 1059. 1261.]
 [2000. 2000. 4000.]]
Accuracy of se_6: 71 %
[[1751.  875. 2626.]
 [ 249. 1125. 1374.]
 [2000. 2000. 4000.]]
Accuracy of se_7: 71 %
[[1699.  847. 2546.]
 [ 301. 1153. 1454.]
 [2000. 2000. 4000.]]
Accuracy of se_8: 72 %
[[1782.  888. 2670.]
 [ 218. 1112. 1330.]
 [2000. 2000. 4000.]]
Accuracy of se_9: 71 %
[[1709.  848. 2557.]
 [ 291. 1152. 1443.]
 [2000. 2000. 4000.]]
Accuracy of se_10: 71 %
[[1207.  346. 1553.]
 [ 793. 1654. 2447.]
 [2000. 2000. 4000.]]
Accuracy of se_11: 79 %
[[1734.  536. 2270.]
 [ 266. 1464. 1730.]
 [2000. 2000. 4000.]]
Accuracy of se_12: 81 %
[[1665.  404. 2069.]
 [ 335. 1596. 1931.]
 [2000. 2000. 4000.]]
Accuracy of se_13: 80 %
[[1615.  385. 2000.]
 [ 385. 1615. 2000.]
 [2000. 2000. 4000.]]
Accuracy of se_14: 82 %
[[1869.  570. 2439.]
 [ 131. 1430. 1561.]
 [2000. 2000. 4000.]]
Accuracy of se_15: 81 %
[[1655.  378. 2033.]
 [ 345. 1622. 1967.]
 [2000. 2000. 4000.]]
Accuracy of se_16: 84 %
[[1783.  409. 2192.]
 [ 217. 1591. 1808.]
 [2000. 2000. 4000.]]
Accuracy of se_17: 83 %
[[1781.  446. 2227.]
 [ 219. 1554. 1773.]
 [2000. 2000. 4000.]]
Accuracy of se_18: 82 %
[[1897.  585. 2482.]
 [ 103. 1415. 1518.]
 [2000. 2000. 4000.]]
Accuracy of se_19: 82 %
[[1729.  439. 2168.]
 [ 271. 1561. 1832.]
 [2000. 2000. 4000.]]
Accuracy of se_20: 82 %
[[1732.  423. 2155.]
 [ 268. 1577. 1845.]
 [2000. 2000. 4000.]]
Accuracy of se_21: 83 %
[[1735.  411. 2146.]
 [ 265. 1589. 1854.]
 [2000. 2000. 4000.]]
Accuracy of se_22: 83 %
[[1839.  489. 2328.]
 [ 161. 1511. 1672.]
 [2000. 2000. 4000.]]
Accuracy of se_23: 82 %
[[1814.  518. 2332.]
 [ 186. 1482. 1668.]
 [2000. 2000. 4000.]]
Accuracy of se_24: 82 %
[[1822.  513. 2335.]
 [ 178. 1487. 1665.]
 [2000. 2000. 4000.]]
Accuracy of se_25: 83 %
[[1799.  462. 2261.]
 [ 201. 1538. 1739.]
 [2000. 2000. 4000.]]
Accuracy of se_26: 83 %
[[1873.  522. 2395.]
 [ 127. 1478. 1605.]
 [2000. 2000. 4000.]]
Accuracy of se_27: 83 %
[[1896.  569. 2465.]
 [ 104. 1431. 1535.]
 [2000. 2000. 4000.]]
Accuracy of se_28: 83 %
[[1706.  380. 2086.]
 [ 294. 1620. 1914.]
 [2000. 2000. 4000.]]
Accuracy of se_29: 83 %
[[1830.  491. 2321.]
 [ 170. 1509. 1679.]
 [2000. 2000. 4000.]]
Finished Training