Accuracy of se_0: 68 %
[[1423.  697. 2120.]
 [ 577. 1303. 1880.]
 [2000. 2000. 4000.]]
Accuracy of se_1: 71 %
[[1684.  805. 2489.]
 [ 316. 1195. 1511.]
 [2000. 2000. 4000.]]
Accuracy of se_2: 77 %
[[1748.  634. 2382.]
 [ 252. 1366. 1618.]
 [2000. 2000. 4000.]]
Accuracy of se_3: 81 %
[[1881.  609. 2490.]
 [ 119. 1391. 1510.]
 [2000. 2000. 4000.]]
Accuracy of se_4: 82 %
[[1955.  646. 2601.]
 [  45. 1354. 1399.]
 [2000. 2000. 4000.]]
Accuracy of se_5: 87 %
[[1884.  396. 2280.]
 [ 116. 1604. 1720.]
 [2000. 2000. 4000.]]
Accuracy of se_6: 89 %
[[1859.  276. 2135.]
 [ 141. 1724. 1865.]
 [2000. 2000. 4000.]]
Accuracy of se_7: 87 %
[[1811.  306. 2117.]
 [ 189. 1694. 1883.]
 [2000. 2000. 4000.]]
Accuracy of se_8: 89 %
[[1846.  272. 2118.]
 [ 154. 1728. 1882.]
 [2000. 2000. 4000.]]
Accuracy of se_9: 89 %
[[1946.  369. 2315.]
 [  54. 1631. 1685.]
 [2000. 2000. 4000.]]
Accuracy of se_10: 88 %
[[1839.  290. 2129.]
 [ 161. 1710. 1871.]
 [2000. 2000. 4000.]]
Accuracy of se_11: 87 %
[[1733.  221. 1954.]
 [ 267. 1779. 2046.]
 [2000. 2000. 4000.]]
Accuracy of se_12: 89 %
[[1894.  310. 2204.]
 [ 106. 1690. 1796.]
 [2000. 2000. 4000.]]
Accuracy of se_13: 90 %
[[1874.  265. 2139.]
 [ 126. 1735. 1861.]
 [2000. 2000. 4000.]]
Accuracy of se_14: 84 %
[[1565.  187. 1752.]
 [ 435. 1813. 2248.]
 [2000. 2000. 4000.]]
Accuracy of se_15: 90 %
[[1876.  275. 2151.]
 [ 124. 1725. 1849.]
 [2000. 2000. 4000.]]
Accuracy of se_16: 88 %
[[1849.  299. 2148.]
 [ 151. 1701. 1852.]
 [2000. 2000. 4000.]]
Accuracy of se_17: 90 %
[[1851.  239. 2090.]
 [ 149. 1761. 1910.]
 [2000. 2000. 4000.]]
Accuracy of se_18: 90 %
[[1910.  277. 2187.]
 [  90. 1723. 1813.]
 [2000. 2000. 4000.]]
Accuracy of se_19: 90 %
[[1888.  250. 2138.]
 [ 112. 1750. 1862.]
 [2000. 2000. 4000.]]
Accuracy of se_20: 90 %
[[1907.  278. 2185.]
 [  93. 1722. 1815.]
 [2000. 2000. 4000.]]
Accuracy of se_21: 88 %
[[1802.  245. 2047.]
 [ 198. 1755. 1953.]
 [2000. 2000. 4000.]]
Accuracy of se_22: 90 %
[[1893.  257. 2150.]
 [ 107. 1743. 1850.]
 [2000. 2000. 4000.]]
Accuracy of se_23: 90 %
[[1874.  267. 2141.]
 [ 126. 1733. 1859.]
 [2000. 2000. 4000.]]
Accuracy of se_24: 91 %
[[1948.  303. 2251.]
 [  52. 1697. 1749.]
 [2000. 2000. 4000.]]
Accuracy of se_25: 90 %
[[1873.  235. 2108.]
 [ 127. 1765. 1892.]
 [2000. 2000. 4000.]]
Accuracy of se_26: 90 %
[[1869.  230. 2099.]
 [ 131. 1770. 1901.]
 [2000. 2000. 4000.]]
Accuracy of se_27: 91 %
[[1956.  299. 2255.]
 [  44. 1701. 1745.]
 [2000. 2000. 4000.]]
Accuracy of se_28: 91 %
[[1910.  250. 2160.]
 [  90. 1750. 1840.]
 [2000. 2000. 4000.]]
Accuracy of se_29: 91 %
[[1934.  281. 2215.]
 [  66. 1719. 1785.]
 [2000. 2000. 4000.]]
Finished Training