Accuracy of se_0: 57 %
[[1348. 1049. 2397.]
 [ 652.  951. 1603.]
 [2000. 2000. 4000.]]
Accuracy of se_1: 71 %
[[1614.  739. 2353.]
 [ 386. 1261. 1647.]
 [2000. 2000. 4000.]]
Accuracy of se_2: 72 %
[[1809.  923. 2732.]
 [ 191. 1077. 1268.]
 [2000. 2000. 4000.]]
Accuracy of se_3: 73 %
[[1430.  473. 1903.]
 [ 570. 1527. 2097.]
 [2000. 2000. 4000.]]
Accuracy of se_4: 73 %
[[1557.  617. 2174.]
 [ 443. 1383. 1826.]
 [2000. 2000. 4000.]]
Accuracy of se_5: 75 %
[[1505.  470. 1975.]
 [ 495. 1530. 2025.]
 [2000. 2000. 4000.]]
Accuracy of se_6: 76 %
[[1676.  633. 2309.]
 [ 324. 1367. 1691.]
 [2000. 2000. 4000.]]
Accuracy of se_7: 76 %
[[1766.  725. 2491.]
 [ 234. 1275. 1509.]
 [2000. 2000. 4000.]]
Accuracy of se_8: 75 %
[[1854.  853. 2707.]
 [ 146. 1147. 1293.]
 [2000. 2000. 4000.]]
Accuracy of se_9: 74 %
[[1672.  674. 2346.]
 [ 328. 1326. 1654.]
 [2000. 2000. 4000.]]
Accuracy of se_10: 76 %
[[1571.  527. 2098.]
 [ 429. 1473. 1902.]
 [2000. 2000. 4000.]]
Accuracy of se_11: 78 %
[[1721.  566. 2287.]
 [ 279. 1434. 1713.]
 [2000. 2000. 4000.]]
Accuracy of se_12: 80 %
[[1590.  379. 1969.]
 [ 410. 1621. 2031.]
 [2000. 2000. 4000.]]
Accuracy of se_13: 76 %
[[1403.  334. 1737.]
 [ 597. 1666. 2263.]
 [2000. 2000. 4000.]]
Accuracy of se_14: 83 %
[[1739.  388. 2127.]
 [ 261. 1612. 1873.]
 [2000. 2000. 4000.]]
Accuracy of se_15: 83 %
[[1883.  561. 2444.]
 [ 117. 1439. 1556.]
 [2000. 2000. 4000.]]
Accuracy of se_16: 84 %
[[1774.  390. 2164.]
 [ 226. 1610. 1836.]
 [2000. 2000. 4000.]]
Accuracy of se_17: 86 %
[[1894.  436. 2330.]
 [ 106. 1564. 1670.]
 [2000. 2000. 4000.]]
Accuracy of se_18: 84 %
[[1602.  230. 1832.]
 [ 398. 1770. 2168.]
 [2000. 2000. 4000.]]
Accuracy of se_19: 86 %
[[1889.  439. 2328.]
 [ 111. 1561. 1672.]
 [2000. 2000. 4000.]]
Accuracy of se_20: 87 %
[[1921.  420. 2341.]
 [  79. 1580. 1659.]
 [2000. 2000. 4000.]]
Accuracy of se_21: 86 %
[[1961.  494. 2455.]
 [  39. 1506. 1545.]
 [2000. 2000. 4000.]]
Accuracy of se_22: 85 %
[[1699.  275. 1974.]
 [ 301. 1725. 2026.]
 [2000. 2000. 4000.]]
Accuracy of se_23: 87 %
[[1843.  358. 2201.]
 [ 157. 1642. 1799.]
 [2000. 2000. 4000.]]
Accuracy of se_24: 87 %
[[1865.  349. 2214.]
 [ 135. 1651. 1786.]
 [2000. 2000. 4000.]]
Accuracy of se_25: 87 %
[[1915.  396. 2311.]
 [  85. 1604. 1689.]
 [2000. 2000. 4000.]]
Accuracy of se_26: 87 %
[[1807.  311. 2118.]
 [ 193. 1689. 1882.]
 [2000. 2000. 4000.]]
Accuracy of se_27: 87 %
[[1768.  282. 2050.]
 [ 232. 1718. 1950.]
 [2000. 2000. 4000.]]
Accuracy of se_28: 87 %
[[1861.  350. 2211.]
 [ 139. 1650. 1789.]
 [2000. 2000. 4000.]]
Accuracy of se_29: 87 %
[[1751.  259. 2010.]
 [ 249. 1741. 1990.]
 [2000. 2000. 4000.]]
Finished Training