Accuracy of se_0: 69 %
[[1769.  973. 2742.]
 [ 231. 1027. 1258.]
 [2000. 2000. 4000.]]
Accuracy of se_1: 69 %
[[1782. 1020. 2802.]
 [ 218.  980. 1198.]
 [2000. 2000. 4000.]]
Accuracy of se_2: 70 %
[[1834. 1003. 2837.]
 [ 166.  997. 1163.]
 [2000. 2000. 4000.]]
Accuracy of se_3: 72 %
[[1789.  888. 2677.]
 [ 211. 1112. 1323.]
 [2000. 2000. 4000.]]
Accuracy of se_4: 75 %
[[1741.  706. 2447.]
 [ 259. 1294. 1553.]
 [2000. 2000. 4000.]]
Accuracy of se_5: 70 %
[[1005.  196. 1201.]
 [ 995. 1804. 2799.]
 [2000. 2000. 4000.]]
Accuracy of se_6: 81 %
[[1661.  415. 2076.]
 [ 339. 1585. 1924.]
 [2000. 2000. 4000.]]
Accuracy of se_7: 81 %
[[1840.  579. 2419.]
 [ 160. 1421. 1581.]
 [2000. 2000. 4000.]]
Accuracy of se_8: 82 %
[[1699.  413. 2112.]
 [ 301. 1587. 1888.]
 [2000. 2000. 4000.]]
Accuracy of se_9: 82 %
[[1814.  533. 2347.]
 [ 186. 1467. 1653.]
 [2000. 2000. 4000.]]
Accuracy of se_10: 81 %
[[1917.  645. 2562.]
 [  83. 1355. 1438.]
 [2000. 2000. 4000.]]
Accuracy of se_11: 82 %
[[1913.  609. 2522.]
 [  87. 1391. 1478.]
 [2000. 2000. 4000.]]
Accuracy of se_12: 82 %
[[1803.  499. 2302.]
 [ 197. 1501. 1698.]
 [2000. 2000. 4000.]]
Accuracy of se_13: 81 %
[[1635.  394. 2029.]
 [ 365. 1606. 1971.]
 [2000. 2000. 4000.]]
Accuracy of se_14: 82 %
[[1772.  459. 2231.]
 [ 228. 1541. 1769.]
 [2000. 2000. 4000.]]
Accuracy of se_15: 83 %
[[1798.  446. 2244.]
 [ 202. 1554. 1756.]
 [2000. 2000. 4000.]]
Accuracy of se_16: 83 %
[[1845.  520. 2365.]
 [ 155. 1480. 1635.]
 [2000. 2000. 4000.]]
Accuracy of se_17: 80 %
[[1566.  327. 1893.]
 [ 434. 1673. 2107.]
 [2000. 2000. 4000.]]
Accuracy of se_18: 83 %
[[1816.  467. 2283.]
 [ 184. 1533. 1717.]
 [2000. 2000. 4000.]]
Accuracy of se_19: 83 %
[[1862.  530. 2392.]
 [ 138. 1470. 1608.]
 [2000. 2000. 4000.]]
Accuracy of se_20: 84 %
[[1803.  439. 2242.]
 [ 197. 1561. 1758.]
 [2000. 2000. 4000.]]
Accuracy of se_21: 82 %
[[1725.  425. 2150.]
 [ 275. 1575. 1850.]
 [2000. 2000. 4000.]]
Accuracy of se_22: 81 %
[[1689.  417. 2106.]
 [ 311. 1583. 1894.]
 [2000. 2000. 4000.]]
Accuracy of se_23: 83 %
[[1816.  486. 2302.]
 [ 184. 1514. 1698.]
 [2000. 2000. 4000.]]
Accuracy of se_24: 80 %
[[1599.  365. 1964.]
 [ 401. 1635. 2036.]
 [2000. 2000. 4000.]]
Accuracy of se_25: 82 %
[[1935.  652. 2587.]
 [  65. 1348. 1413.]
 [2000. 2000. 4000.]]
Accuracy of se_26: 82 %
[[1815.  501. 2316.]
 [ 185. 1499. 1684.]
 [2000. 2000. 4000.]]
Accuracy of se_27: 83 %
[[1783.  432. 2215.]
 [ 217. 1568. 1785.]
 [2000. 2000. 4000.]]
Accuracy of se_28: 83 %
[[1830.  509. 2339.]
 [ 170. 1491. 1661.]
 [2000. 2000. 4000.]]
Accuracy of se_29: 82 %
[[1643.  352. 1995.]
 [ 357. 1648. 2005.]
 [2000. 2000. 4000.]]
Finished Training