Accuracy of se_0: 70 %
[[1874. 1058. 2932.]
 [ 126.  942. 1068.]
 [2000. 2000. 4000.]]
Accuracy of se_1: 71 %
[[1566.  707. 2273.]
 [ 434. 1293. 1727.]
 [2000. 2000. 4000.]]
Accuracy of se_2: 72 %
[[1697.  810. 2507.]
 [ 303. 1190. 1493.]
 [2000. 2000. 4000.]]
Accuracy of se_3: 74 %
[[1723.  749. 2472.]
 [ 277. 1251. 1528.]
 [2000. 2000. 4000.]]
Accuracy of se_4: 77 %
[[1758.  677. 2435.]
 [ 242. 1323. 1565.]
 [2000. 2000. 4000.]]
Accuracy of se_5: 76 %
[[1885.  834. 2719.]
 [ 115. 1166. 1281.]
 [2000. 2000. 4000.]]
Accuracy of se_6: 78 %
[[1785.  628. 2413.]
 [ 215. 1372. 1587.]
 [2000. 2000. 4000.]]
Accuracy of se_7: 78 %
[[1724.  568. 2292.]
 [ 276. 1432. 1708.]
 [2000. 2000. 4000.]]
Accuracy of se_8: 82 %
[[1754.  461. 2215.]
 [ 246. 1539. 1785.]
 [2000. 2000. 4000.]]
Accuracy of se_9: 83 %
[[1703.  367. 2070.]
 [ 297. 1633. 1930.]
 [2000. 2000. 4000.]]
Accuracy of se_10: 82 %
[[1597.  314. 1911.]
 [ 403. 1686. 2089.]
 [2000. 2000. 4000.]]
Accuracy of se_11: 86 %
[[1874.  400. 2274.]
 [ 126. 1600. 1726.]
 [2000. 2000. 4000.]]
Accuracy of se_12: 85 %
[[1670.  245. 1915.]
 [ 330. 1755. 2085.]
 [2000. 2000. 4000.]]
Accuracy of se_13: 87 %
[[1838.  319. 2157.]
 [ 162. 1681. 1843.]
 [2000. 2000. 4000.]]
Accuracy of se_14: 87 %
[[1840.  341. 2181.]
 [ 160. 1659. 1819.]
 [2000. 2000. 4000.]]
Accuracy of se_15: 87 %
[[1757.  250. 2007.]
 [ 243. 1750. 1993.]
 [2000. 2000. 4000.]]
Accuracy of se_16: 88 %
[[1864.  305. 2169.]
 [ 136. 1695. 1831.]
 [2000. 2000. 4000.]]
Accuracy of se_17: 89 %
[[1884.  323. 2207.]
 [ 116. 1677. 1793.]
 [2000. 2000. 4000.]]
Accuracy of se_18: 87 %
[[1763.  278. 2041.]
 [ 237. 1722. 1959.]
 [2000. 2000. 4000.]]
Accuracy of se_19: 88 %
[[1816.  294. 2110.]
 [ 184. 1706. 1890.]
 [2000. 2000. 4000.]]
Accuracy of se_20: 88 %
[[1794.  253. 2047.]
 [ 206. 1747. 1953.]
 [2000. 2000. 4000.]]
Accuracy of se_21: 89 %
[[1903.  343. 2246.]
 [  97. 1657. 1754.]
 [2000. 2000. 4000.]]
Accuracy of se_22: 87 %
[[1769.  279. 2048.]
 [ 231. 1721. 1952.]
 [2000. 2000. 4000.]]
Accuracy of se_23: 89 %
[[1927.  356. 2283.]
 [  73. 1644. 1717.]
 [2000. 2000. 4000.]]
Accuracy of se_24: 89 %
[[1925.  342. 2267.]
 [  75. 1658. 1733.]
 [2000. 2000. 4000.]]
Accuracy of se_25: 89 %
[[1914.  341. 2255.]
 [  86. 1659. 1745.]
 [2000. 2000. 4000.]]
Accuracy of se_26: 88 %
[[1744.  221. 1965.]
 [ 256. 1779. 2035.]
 [2000. 2000. 4000.]]
Accuracy of se_27: 89 %
[[1880.  289. 2169.]
 [ 120. 1711. 1831.]
 [2000. 2000. 4000.]]
Accuracy of se_28: 89 %
[[1849.  263. 2112.]
 [ 151. 1737. 1888.]
 [2000. 2000. 4000.]]
Accuracy of se_29: 90 %
[[1943.  339. 2282.]
 [  57. 1661. 1718.]
 [2000. 2000. 4000.]]
Finished Training