Accuracy of se_0: 71 %
[[1617.  751. 2368.]
 [ 383. 1249. 1632.]
 [2000. 2000. 4000.]]
Accuracy of se_1: 70 %
[[1618.  782. 2400.]
 [ 382. 1218. 1600.]
 [2000. 2000. 4000.]]
Accuracy of se_2: 70 %
[[1629.  804. 2433.]
 [ 371. 1196. 1567.]
 [2000. 2000. 4000.]]
Accuracy of se_3: 72 %
[[1792.  901. 2693.]
 [ 208. 1099. 1307.]
 [2000. 2000. 4000.]]
Accuracy of se_4: 71 %
[[1732.  882. 2614.]
 [ 268. 1118. 1386.]
 [2000. 2000. 4000.]]
Accuracy of se_5: 79 %
[[1759.  589. 2348.]
 [ 241. 1411. 1652.]
 [2000. 2000. 4000.]]
Accuracy of se_6: 78 %
[[1867.  744. 2611.]
 [ 133. 1256. 1389.]
 [2000. 2000. 4000.]]
Accuracy of se_7: 83 %
[[1765.  418. 2183.]
 [ 235. 1582. 1817.]
 [2000. 2000. 4000.]]
Accuracy of se_8: 80 %
[[1471.  262. 1733.]
 [ 529. 1738. 2267.]
 [2000. 2000. 4000.]]
Accuracy of se_9: 84 %
[[1779.  394. 2173.]
 [ 221. 1606. 1827.]
 [2000. 2000. 4000.]]
Accuracy of se_10: 84 %
[[1815.  437. 2252.]
 [ 185. 1563. 1748.]
 [2000. 2000. 4000.]]
Accuracy of se_11: 84 %
[[1672.  305. 1977.]
 [ 328. 1695. 2023.]
 [2000. 2000. 4000.]]
Accuracy of se_12: 85 %
[[1764.  341. 2105.]
 [ 236. 1659. 1895.]
 [2000. 2000. 4000.]]
Accuracy of se_13: 85 %
[[1837.  398. 2235.]
 [ 163. 1602. 1765.]
 [2000. 2000. 4000.]]
Accuracy of se_14: 85 %
[[1875.  463. 2338.]
 [ 125. 1537. 1662.]
 [2000. 2000. 4000.]]
Accuracy of se_15: 86 %
[[1766.  320. 2086.]
 [ 234. 1680. 1914.]
 [2000. 2000. 4000.]]
Accuracy of se_16: 84 %
[[1672.  296. 1968.]
 [ 328. 1704. 2032.]
 [2000. 2000. 4000.]]
Accuracy of se_17: 86 %
[[1858.  411. 2269.]
 [ 142. 1589. 1731.]
 [2000. 2000. 4000.]]
Accuracy of se_18: 84 %
[[1694.  326. 2020.]
 [ 306. 1674. 1980.]
 [2000. 2000. 4000.]]
Accuracy of se_19: 85 %
[[1896.  490. 2386.]
 [ 104. 1510. 1614.]
 [2000. 2000. 4000.]]
Accuracy of se_20: 85 %
[[1866.  435. 2301.]
 [ 134. 1565. 1699.]
 [2000. 2000. 4000.]]
Accuracy of se_21: 85 %
[[1727.  319. 2046.]
 [ 273. 1681. 1954.]
 [2000. 2000. 4000.]]
Accuracy of se_22: 86 %
[[1860.  410. 2270.]
 [ 140. 1590. 1730.]
 [2000. 2000. 4000.]]
Accuracy of se_23: 85 %
[[1803.  371. 2174.]
 [ 197. 1629. 1826.]
 [2000. 2000. 4000.]]
Accuracy of se_24: 83 %
[[1618.  293. 1911.]
 [ 382. 1707. 2089.]
 [2000. 2000. 4000.]]
Accuracy of se_25: 86 %
[[1856.  395. 2251.]
 [ 144. 1605. 1749.]
 [2000. 2000. 4000.]]
Accuracy of se_26: 86 %
[[1806.  339. 2145.]
 [ 194. 1661. 1855.]
 [2000. 2000. 4000.]]
Accuracy of se_27: 86 %
[[1821.  360. 2181.]
 [ 179. 1640. 1819.]
 [2000. 2000. 4000.]]
Accuracy of se_28: 86 %
[[1940.  491. 2431.]
 [  60. 1509. 1569.]
 [2000. 2000. 4000.]]
Accuracy of se_29: 87 %
[[1868.  368. 2236.]
 [ 132. 1632. 1764.]
 [2000. 2000. 4000.]]
Finished Training