Accuracy of se_0: 66 %
[[1640.  989. 2629.]
 [ 360. 1011. 1371.]
 [2000. 2000. 4000.]]
Accuracy of se_1: 68 %
[[1738. 1003. 2741.]
 [ 262.  997. 1259.]
 [2000. 2000. 4000.]]
Accuracy of se_2: 66 %
[[1582.  903. 2485.]
 [ 418. 1097. 1515.]
 [2000. 2000. 4000.]]
Accuracy of se_3: 65 %
[[1856. 1235. 3091.]
 [ 144.  765.  909.]
 [2000. 2000. 4000.]]
Accuracy of se_4: 65 %
[[1851. 1247. 3098.]
 [ 149.  753.  902.]
 [2000. 2000. 4000.]]
Accuracy of se_5: 69 %
[[1832. 1048. 2880.]
 [ 168.  952. 1120.]
 [2000. 2000. 4000.]]
Accuracy of se_6: 67 %
[[1691.  977. 2668.]
 [ 309. 1023. 1332.]
 [2000. 2000. 4000.]]
Accuracy of se_7: 69 %
[[1608.  829. 2437.]
 [ 392. 1171. 1563.]
 [2000. 2000. 4000.]]
Accuracy of se_8: 68 %
[[1906. 1147. 3053.]
 [  94.  853.  947.]
 [2000. 2000. 4000.]]
Accuracy of se_9: 70 %
[[1317.  510. 1827.]
 [ 683. 1490. 2173.]
 [2000. 2000. 4000.]]
Accuracy of se_10: 73 %
[[1820.  861. 2681.]
 [ 180. 1139. 1319.]
 [2000. 2000. 4000.]]
Accuracy of se_11: 72 %
[[1517.  620. 2137.]
 [ 483. 1380. 1863.]
 [2000. 2000. 4000.]]
Accuracy of se_12: 74 %
[[1438.  477. 1915.]
 [ 562. 1523. 2085.]
 [2000. 2000. 4000.]]
Accuracy of se_13: 69 %
[[1100.  330. 1430.]
 [ 900. 1670. 2570.]
 [2000. 2000. 4000.]]
Accuracy of se_14: 74 %
[[1829.  851. 2680.]
 [ 171. 1149. 1320.]
 [2000. 2000. 4000.]]
Accuracy of se_15: 75 %
[[1611.  574. 2185.]
 [ 389. 1426. 1815.]
 [2000. 2000. 4000.]]
Accuracy of se_16: 72 %
[[1355.  436. 1791.]
 [ 645. 1564. 2209.]
 [2000. 2000. 4000.]]
Accuracy of se_17: 75 %
[[1587.  586. 2173.]
 [ 413. 1414. 1827.]
 [2000. 2000. 4000.]]
Accuracy of se_18: 77 %
[[1718.  623. 2341.]
 [ 282. 1377. 1659.]
 [2000. 2000. 4000.]]
Accuracy of se_19: 76 %
[[1675.  605. 2280.]
 [ 325. 1395. 1720.]
 [2000. 2000. 4000.]]
Accuracy of se_20: 77 %
[[1734.  623. 2357.]
 [ 266. 1377. 1643.]
 [2000. 2000. 4000.]]
Accuracy of se_21: 76 %
[[1675.  612. 2287.]
 [ 325. 1388. 1713.]
 [2000. 2000. 4000.]]
Accuracy of se_22: 77 %
[[1885.  794. 2679.]
 [ 115. 1206. 1321.]
 [2000. 2000. 4000.]]
Accuracy of se_23: 77 %
[[1722.  633. 2355.]
 [ 278. 1367. 1645.]
 [2000. 2000. 4000.]]
Accuracy of se_24: 77 %
[[1831.  733. 2564.]
 [ 169. 1267. 1436.]
 [2000. 2000. 4000.]]
Accuracy of se_25: 78 %
[[1723.  584. 2307.]
 [ 277. 1416. 1693.]
 [2000. 2000. 4000.]]
Accuracy of se_26: 78 %
[[1855.  725. 2580.]
 [ 145. 1275. 1420.]
 [2000. 2000. 4000.]]
Accuracy of se_27: 77 %
[[1876.  781. 2657.]
 [ 124. 1219. 1343.]
 [2000. 2000. 4000.]]
Accuracy of se_28: 77 %
[[1697.  616. 2313.]
 [ 303. 1384. 1687.]
 [2000. 2000. 4000.]]
Accuracy of se_29: 77 %
[[1852.  736. 2588.]
 [ 148. 1264. 1412.]
 [2000. 2000. 4000.]]
Finished Training