Accuracy of se_0: 67 %
[[1820. 1136. 2956.]
 [ 180.  864. 1044.]
 [2000. 2000. 4000.]]
Accuracy of se_1: 68 %
[[1720.  983. 2703.]
 [ 280. 1017. 1297.]
 [2000. 2000. 4000.]]
Accuracy of se_2: 67 %
[[1659.  965. 2624.]
 [ 341. 1035. 1376.]
 [2000. 2000. 4000.]]
Accuracy of se_3: 68 %
[[1574.  842. 2416.]
 [ 426. 1158. 1584.]
 [2000. 2000. 4000.]]
Accuracy of se_4: 68 %
[[1420.  680. 2100.]
 [ 580. 1320. 1900.]
 [2000. 2000. 4000.]]
Accuracy of se_5: 69 %
[[1512.  741. 2253.]
 [ 488. 1259. 1747.]
 [2000. 2000. 4000.]]
Accuracy of se_6: 70 %
[[1708.  881. 2589.]
 [ 292. 1119. 1411.]
 [2000. 2000. 4000.]]
Accuracy of se_7: 71 %
[[1635.  765. 2400.]
 [ 365. 1235. 1600.]
 [2000. 2000. 4000.]]
Accuracy of se_8: 71 %
[[1548.  672. 2220.]
 [ 452. 1328. 1780.]
 [2000. 2000. 4000.]]
Accuracy of se_9: 73 %
[[1737.  790. 2527.]
 [ 263. 1210. 1473.]
 [2000. 2000. 4000.]]
Accuracy of se_10: 74 %
[[1775.  804. 2579.]
 [ 225. 1196. 1421.]
 [2000. 2000. 4000.]]
Accuracy of se_11: 75 %
[[1675.  643. 2318.]
 [ 325. 1357. 1682.]
 [2000. 2000. 4000.]]
Accuracy of se_12: 74 %
[[1824.  830. 2654.]
 [ 176. 1170. 1346.]
 [2000. 2000. 4000.]]
Accuracy of se_13: 74 %
[[1663.  672. 2335.]
 [ 337. 1328. 1665.]
 [2000. 2000. 4000.]]
Accuracy of se_14: 76 %
[[1684.  623. 2307.]
 [ 316. 1377. 1693.]
 [2000. 2000. 4000.]]
Accuracy of se_15: 76 %
[[1875.  800. 2675.]
 [ 125. 1200. 1325.]
 [2000. 2000. 4000.]]
Accuracy of se_16: 75 %
[[1547.  536. 2083.]
 [ 453. 1464. 1917.]
 [2000. 2000. 4000.]]
Accuracy of se_17: 78 %
[[1815.  675. 2490.]
 [ 185. 1325. 1510.]
 [2000. 2000. 4000.]]
Accuracy of se_18: 77 %
[[1819.  711. 2530.]
 [ 181. 1289. 1470.]
 [2000. 2000. 4000.]]
Accuracy of se_19: 78 %
[[1850.  720. 2570.]
 [ 150. 1280. 1430.]
 [2000. 2000. 4000.]]
Accuracy of se_20: 78 %
[[1837.  711. 2548.]
 [ 163. 1289. 1452.]
 [2000. 2000. 4000.]]
Accuracy of se_21: 78 %
[[1716.  596. 2312.]
 [ 284. 1404. 1688.]
 [2000. 2000. 4000.]]
Accuracy of se_22: 77 %
[[1649.  567. 2216.]
 [ 351. 1433. 1784.]
 [2000. 2000. 4000.]]
Accuracy of se_23: 77 %
[[1653.  550. 2203.]
 [ 347. 1450. 1797.]
 [2000. 2000. 4000.]]
Accuracy of se_24: 76 %
[[1587.  525. 2112.]
 [ 413. 1475. 1888.]
 [2000. 2000. 4000.]]
Accuracy of se_25: 77 %
[[1624.  531. 2155.]
 [ 376. 1469. 1845.]
 [2000. 2000. 4000.]]
Accuracy of se_26: 78 %
[[1758.  600. 2358.]
 [ 242. 1400. 1642.]
 [2000. 2000. 4000.]]
Accuracy of se_27: 77 %
[[1618.  518. 2136.]
 [ 382. 1482. 1864.]
 [2000. 2000. 4000.]]
Accuracy of se_28: 77 %
[[1630.  529. 2159.]
 [ 370. 1471. 1841.]
 [2000. 2000. 4000.]]
Accuracy of se_29: 78 %
[[1703.  555. 2258.]
 [ 297. 1445. 1742.]
 [2000. 2000. 4000.]]
Finished Training