Accuracy of se_0: 72 %
[[1739.  856. 2595.]
 [ 261. 1144. 1405.]
 [2000. 2000. 4000.]]
Accuracy of se_1: 71 %
[[1889. 1036. 2925.]
 [ 111.  964. 1075.]
 [2000. 2000. 4000.]]
Accuracy of se_2: 76 %
[[1664.  612. 2276.]
 [ 336. 1388. 1724.]
 [2000. 2000. 4000.]]
Accuracy of se_3: 74 %
[[1447.  480. 1927.]
 [ 553. 1520. 2073.]
 [2000. 2000. 4000.]]
Accuracy of se_4: 78 %
[[1589.  436. 2025.]
 [ 411. 1564. 1975.]
 [2000. 2000. 4000.]]
Accuracy of se_5: 80 %
[[1716.  479. 2195.]
 [ 284. 1521. 1805.]
 [2000. 2000. 4000.]]
Accuracy of se_6: 85 %
[[1798.  385. 2183.]
 [ 202. 1615. 1817.]
 [2000. 2000. 4000.]]
Accuracy of se_7: 84 %
[[1672.  288. 1960.]
 [ 328. 1712. 2040.]
 [2000. 2000. 4000.]]
Accuracy of se_8: 85 %
[[1791.  362. 2153.]
 [ 209. 1638. 1847.]
 [2000. 2000. 4000.]]
Accuracy of se_9: 86 %
[[1809.  336. 2145.]
 [ 191. 1664. 1855.]
 [2000. 2000. 4000.]]
Accuracy of se_10: 87 %
[[1835.  328. 2163.]
 [ 165. 1672. 1837.]
 [2000. 2000. 4000.]]
Accuracy of se_11: 87 %
[[1946.  461. 2407.]
 [  54. 1539. 1593.]
 [2000. 2000. 4000.]]
Accuracy of se_12: 87 %
[[1837.  318. 2155.]
 [ 163. 1682. 1845.]
 [2000. 2000. 4000.]]
Accuracy of se_13: 87 %
[[1765.  246. 2011.]
 [ 235. 1754. 1989.]
 [2000. 2000. 4000.]]
Accuracy of se_14: 86 %
[[1715.  275. 1990.]
 [ 285. 1725. 2010.]
 [2000. 2000. 4000.]]
Accuracy of se_15: 88 %
[[1889.  334. 2223.]
 [ 111. 1666. 1777.]
 [2000. 2000. 4000.]]
Accuracy of se_16: 88 %
[[1922.  363. 2285.]
 [  78. 1637. 1715.]
 [2000. 2000. 4000.]]
Accuracy of se_17: 88 %
[[1799.  255. 2054.]
 [ 201. 1745. 1946.]
 [2000. 2000. 4000.]]
Accuracy of se_18: 89 %
[[1930.  336. 2266.]
 [  70. 1664. 1734.]
 [2000. 2000. 4000.]]
Accuracy of se_19: 89 %
[[1923.  336. 2259.]
 [  77. 1664. 1741.]
 [2000. 2000. 4000.]]
Accuracy of se_20: 90 %
[[1928.  297. 2225.]
 [  72. 1703. 1775.]
 [2000. 2000. 4000.]]
Accuracy of se_21: 90 %
[[1834.  224. 2058.]
 [ 166. 1776. 1942.]
 [2000. 2000. 4000.]]
Accuracy of se_22: 90 %
[[1929.  295. 2224.]
 [  71. 1705. 1776.]
 [2000. 2000. 4000.]]
Accuracy of se_23: 91 %
[[1910.  261. 2171.]
 [  90. 1739. 1829.]
 [2000. 2000. 4000.]]
Accuracy of se_24: 90 %
[[1924.  302. 2226.]
 [  76. 1698. 1774.]
 [2000. 2000. 4000.]]
Accuracy of se_25: 90 %
[[1854.  245. 2099.]
 [ 146. 1755. 1901.]
 [2000. 2000. 4000.]]
Accuracy of se_26: 91 %
[[1907.  243. 2150.]
 [  93. 1757. 1850.]
 [2000. 2000. 4000.]]
Accuracy of se_27: 90 %
[[1873.  253. 2126.]
 [ 127. 1747. 1874.]
 [2000. 2000. 4000.]]
Accuracy of se_28: 91 %
[[1904.  258. 2162.]
 [  96. 1742. 1838.]
 [2000. 2000. 4000.]]
Accuracy of se_29: 89 %
[[1763.  195. 1958.]
 [ 237. 1805. 2042.]
 [2000. 2000. 4000.]]
Finished Training