Accuracy of se_0: 66 %
[[1849. 1208. 3057.]
 [ 151.  792.  943.]
 [2000. 2000. 4000.]]
Accuracy of se_1: 69 %
[[1691.  912. 2603.]
 [ 309. 1088. 1397.]
 [2000. 2000. 4000.]]
Accuracy of se_2: 74 %
[[1747.  773. 2520.]
 [ 253. 1227. 1480.]
 [2000. 2000. 4000.]]
Accuracy of se_3: 76 %
[[1770.  709. 2479.]
 [ 230. 1291. 1521.]
 [2000. 2000. 4000.]]
Accuracy of se_4: 72 %
[[1255.  338. 1593.]
 [ 745. 1662. 2407.]
 [2000. 2000. 4000.]]
Accuracy of se_5: 77 %
[[1683.  565. 2248.]
 [ 317. 1435. 1752.]
 [2000. 2000. 4000.]]
Accuracy of se_6: 77 %
[[1850.  767. 2617.]
 [ 150. 1233. 1383.]
 [2000. 2000. 4000.]]
Accuracy of se_7: 77 %
[[1832.  749. 2581.]
 [ 168. 1251. 1419.]
 [2000. 2000. 4000.]]
Accuracy of se_8: 77 %
[[1752.  635. 2387.]
 [ 248. 1365. 1613.]
 [2000. 2000. 4000.]]
Accuracy of se_9: 78 %
[[1687.  555. 2242.]
 [ 313. 1445. 1758.]
 [2000. 2000. 4000.]]
Accuracy of se_10: 77 %
[[1615.  514. 2129.]
 [ 385. 1486. 1871.]
 [2000. 2000. 4000.]]
Accuracy of se_11: 78 %
[[1873.  735. 2608.]
 [ 127. 1265. 1392.]
 [2000. 2000. 4000.]]
Accuracy of se_12: 77 %
[[1628.  537. 2165.]
 [ 372. 1463. 1835.]
 [2000. 2000. 4000.]]
Accuracy of se_13: 77 %
[[1741.  642. 2383.]
 [ 259. 1358. 1617.]
 [2000. 2000. 4000.]]
Accuracy of se_14: 76 %
[[1610.  545. 2155.]
 [ 390. 1455. 1845.]
 [2000. 2000. 4000.]]
Accuracy of se_15: 78 %
[[1796.  645. 2441.]
 [ 204. 1355. 1559.]
 [2000. 2000. 4000.]]
Accuracy of se_16: 77 %
[[1853.  740. 2593.]
 [ 147. 1260. 1407.]
 [2000. 2000. 4000.]]
Accuracy of se_17: 77 %
[[1812.  693. 2505.]
 [ 188. 1307. 1495.]
 [2000. 2000. 4000.]]
Accuracy of se_18: 79 %
[[1763.  592. 2355.]
 [ 237. 1408. 1645.]
 [2000. 2000. 4000.]]
Accuracy of se_19: 78 %
[[1863.  729. 2592.]
 [ 137. 1271. 1408.]
 [2000. 2000. 4000.]]
Accuracy of se_20: 77 %
[[1532.  418. 1950.]
 [ 468. 1582. 2050.]
 [2000. 2000. 4000.]]
Accuracy of se_21: 77 %
[[1597.  484. 2081.]
 [ 403. 1516. 1919.]
 [2000. 2000. 4000.]]
Accuracy of se_22: 77 %
[[1671.  576. 2247.]
 [ 329. 1424. 1753.]
 [2000. 2000. 4000.]]
Accuracy of se_23: 78 %
[[1665.  536. 2201.]
 [ 335. 1464. 1799.]
 [2000. 2000. 4000.]]
Accuracy of se_24: 73 %
[[1789.  856. 2645.]
 [ 211. 1144. 1355.]
 [2000. 2000. 4000.]]
Accuracy of se_25: 72 %
[[1178.  293. 1471.]
 [ 822. 1707. 2529.]
 [2000. 2000. 4000.]]
Accuracy of se_26: 77 %
[[1687.  589. 2276.]
 [ 313. 1411. 1724.]
 [2000. 2000. 4000.]]
Accuracy of se_27: 78 %
[[1774.  622. 2396.]
 [ 226. 1378. 1604.]
 [2000. 2000. 4000.]]
Accuracy of se_28: 78 %
[[1843.  706. 2549.]
 [ 157. 1294. 1451.]
 [2000. 2000. 4000.]]
Accuracy of se_29: 75 %
[[1399.  391. 1790.]
 [ 601. 1609. 2210.]
 [2000. 2000. 4000.]]
Finished Training