Accuracy of se_0: 71 %
[[1549.  676. 2225.]
 [ 451. 1324. 1775.]
 [2000. 2000. 4000.]]
Accuracy of se_1: 72 %
[[1606.  715. 2321.]
 [ 394. 1285. 1679.]
 [2000. 2000. 4000.]]
Accuracy of se_2: 73 %
[[1605.  673. 2278.]
 [ 395. 1327. 1722.]
 [2000. 2000. 4000.]]
Accuracy of se_3: 81 %
[[1842.  582. 2424.]
 [ 158. 1418. 1576.]
 [2000. 2000. 4000.]]
Accuracy of se_4: 81 %
[[1560.  312. 1872.]
 [ 440. 1688. 2128.]
 [2000. 2000. 4000.]]
Accuracy of se_5: 83 %
[[1837.  481. 2318.]
 [ 163. 1519. 1682.]
 [2000. 2000. 4000.]]
Accuracy of se_6: 82 %
[[1689.  403. 2092.]
 [ 311. 1597. 1908.]
 [2000. 2000. 4000.]]
Accuracy of se_7: 84 %
[[1864.  504. 2368.]
 [ 136. 1496. 1632.]
 [2000. 2000. 4000.]]
Accuracy of se_8: 82 %
[[1712.  412. 2124.]
 [ 288. 1588. 1876.]
 [2000. 2000. 4000.]]
Accuracy of se_9: 83 %
[[1787.  467. 2254.]
 [ 213. 1533. 1746.]
 [2000. 2000. 4000.]]
Accuracy of se_10: 83 %
[[1836.  501. 2337.]
 [ 164. 1499. 1663.]
 [2000. 2000. 4000.]]
Accuracy of se_11: 84 %
[[1858.  494. 2352.]
 [ 142. 1506. 1648.]
 [2000. 2000. 4000.]]
Accuracy of se_12: 82 %
[[1756.  461. 2217.]
 [ 244. 1539. 1783.]
 [2000. 2000. 4000.]]
Accuracy of se_13: 83 %
[[1825.  473. 2298.]
 [ 175. 1527. 1702.]
 [2000. 2000. 4000.]]
Accuracy of se_14: 85 %
[[1895.  480. 2375.]
 [ 105. 1520. 1625.]
 [2000. 2000. 4000.]]
Accuracy of se_15: 84 %
[[1873.  495. 2368.]
 [ 127. 1505. 1632.]
 [2000. 2000. 4000.]]
Accuracy of se_16: 83 %
[[1703.  375. 2078.]
 [ 297. 1625. 1922.]
 [2000. 2000. 4000.]]
Accuracy of se_17: 84 %
[[1749.  356. 2105.]
 [ 251. 1644. 1895.]
 [2000. 2000. 4000.]]
Accuracy of se_18: 84 %
[[1814.  421. 2235.]
 [ 186. 1579. 1765.]
 [2000. 2000. 4000.]]
Accuracy of se_19: 83 %
[[1934.  613. 2547.]
 [  66. 1387. 1453.]
 [2000. 2000. 4000.]]
Accuracy of se_20: 84 %
[[1743.  360. 2103.]
 [ 257. 1640. 1897.]
 [2000. 2000. 4000.]]
Accuracy of se_21: 85 %
[[1890.  465. 2355.]
 [ 110. 1535. 1645.]
 [2000. 2000. 4000.]]
Accuracy of se_22: 85 %
[[1904.  491. 2395.]
 [  96. 1509. 1605.]
 [2000. 2000. 4000.]]
Accuracy of se_23: 85 %
[[1834.  404. 2238.]
 [ 166. 1596. 1762.]
 [2000. 2000. 4000.]]
Accuracy of se_24: 84 %
[[1891.  524. 2415.]
 [ 109. 1476. 1585.]
 [2000. 2000. 4000.]]
Accuracy of se_25: 85 %
[[1912.  497. 2409.]
 [  88. 1503. 1591.]
 [2000. 2000. 4000.]]
Accuracy of se_26: 83 %
[[1652.  296. 1948.]
 [ 348. 1704. 2052.]
 [2000. 2000. 4000.]]
Accuracy of se_27: 85 %
[[1860.  457. 2317.]
 [ 140. 1543. 1683.]
 [2000. 2000. 4000.]]
Accuracy of se_28: 85 %
[[1832.  393. 2225.]
 [ 168. 1607. 1775.]
 [2000. 2000. 4000.]]
Accuracy of se_29: 85 %
[[1835.  404. 2239.]
 [ 165. 1596. 1761.]
 [2000. 2000. 4000.]]
Finished Training