Accuracy of se_0: 69 %
[[1475.  684. 2159.]
 [ 525. 1316. 1841.]
 [2000. 2000. 4000.]]
Accuracy of se_1: 80 %
[[1661.  459. 2120.]
 [ 339. 1541. 1880.]
 [2000. 2000. 4000.]]
Accuracy of se_2: 83 %
[[1803.  450. 2253.]
 [ 197. 1550. 1747.]
 [2000. 2000. 4000.]]
Accuracy of se_3: 85 %
[[1851.  425. 2276.]
 [ 149. 1575. 1724.]
 [2000. 2000. 4000.]]
Accuracy of se_4: 86 %
[[1908.  452. 2360.]
 [  92. 1548. 1640.]
 [2000. 2000. 4000.]]
Accuracy of se_5: 86 %
[[1845.  368. 2213.]
 [ 155. 1632. 1787.]
 [2000. 2000. 4000.]]
Accuracy of se_6: 87 %
[[1876.  396. 2272.]
 [ 124. 1604. 1728.]
 [2000. 2000. 4000.]]
Accuracy of se_7: 88 %
[[1919.  390. 2309.]
 [  81. 1610. 1691.]
 [2000. 2000. 4000.]]
Accuracy of se_8: 88 %
[[1851.  307. 2158.]
 [ 149. 1693. 1842.]
 [2000. 2000. 4000.]]
Accuracy of se_9: 87 %
[[1927.  435. 2362.]
 [  73. 1565. 1638.]
 [2000. 2000. 4000.]]
Accuracy of se_10: 88 %
[[1914.  392. 2306.]
 [  86. 1608. 1694.]
 [2000. 2000. 4000.]]
Accuracy of se_11: 89 %
[[1876.  291. 2167.]
 [ 124. 1709. 1833.]
 [2000. 2000. 4000.]]
Accuracy of se_12: 88 %
[[1802.  255. 2057.]
 [ 198. 1745. 1943.]
 [2000. 2000. 4000.]]
Accuracy of se_13: 88 %
[[1909.  382. 2291.]
 [  91. 1618. 1709.]
 [2000. 2000. 4000.]]
Accuracy of se_14: 89 %
[[1920.  346. 2266.]
 [  80. 1654. 1734.]
 [2000. 2000. 4000.]]
Accuracy of se_15: 89 %
[[1940.  341. 2281.]
 [  60. 1659. 1719.]
 [2000. 2000. 4000.]]
Accuracy of se_16: 89 %
[[1949.  361. 2310.]
 [  51. 1639. 1690.]
 [2000. 2000. 4000.]]
Accuracy of se_17: 86 %
[[1748.  287. 2035.]
 [ 252. 1713. 1965.]
 [2000. 2000. 4000.]]
Accuracy of se_18: 88 %
[[1879.  341. 2220.]
 [ 121. 1659. 1780.]
 [2000. 2000. 4000.]]
Accuracy of se_19: 88 %
[[1810.  272. 2082.]
 [ 190. 1728. 1918.]
 [2000. 2000. 4000.]]
Accuracy of se_20: 89 %
[[1880.  299. 2179.]
 [ 120. 1701. 1821.]
 [2000. 2000. 4000.]]
Accuracy of se_21: 89 %
[[1953.  380. 2333.]
 [  47. 1620. 1667.]
 [2000. 2000. 4000.]]
Accuracy of se_22: 90 %
[[1918.  297. 2215.]
 [  82. 1703. 1785.]
 [2000. 2000. 4000.]]
Accuracy of se_23: 88 %
[[1920.  367. 2287.]
 [  80. 1633. 1713.]
 [2000. 2000. 4000.]]
Accuracy of se_24: 88 %
[[1956.  406. 2362.]
 [  44. 1594. 1638.]
 [2000. 2000. 4000.]]
Accuracy of se_25: 89 %
[[1914.  322. 2236.]
 [  86. 1678. 1764.]
 [2000. 2000. 4000.]]
Accuracy of se_26: 89 %
[[1922.  345. 2267.]
 [  78. 1655. 1733.]
 [2000. 2000. 4000.]]
Accuracy of se_27: 89 %
[[1928.  341. 2269.]
 [  72. 1659. 1731.]
 [2000. 2000. 4000.]]
Accuracy of se_28: 90 %
[[1869.  264. 2133.]
 [ 131. 1736. 1867.]
 [2000. 2000. 4000.]]
Accuracy of se_29: 90 %
[[1948.  344. 2292.]
 [  52. 1656. 1708.]
 [2000. 2000. 4000.]]
Finished Training