Accuracy of se_0: 68 %
[[1716.  982. 2698.]
 [ 284. 1018. 1302.]
 [2000. 2000. 4000.]]
Accuracy of se_1: 68 %
[[1663.  920. 2583.]
 [ 337. 1080. 1417.]
 [2000. 2000. 4000.]]
Accuracy of se_2: 70 %
[[1750.  945. 2695.]
 [ 250. 1055. 1305.]
 [2000. 2000. 4000.]]
Accuracy of se_3: 70 %
[[1758.  925. 2683.]
 [ 242. 1075. 1317.]
 [2000. 2000. 4000.]]
Accuracy of se_4: 70 %
[[1761.  946. 2707.]
 [ 239. 1054. 1293.]
 [2000. 2000. 4000.]]
Accuracy of se_5: 69 %
[[1664.  894. 2558.]
 [ 336. 1106. 1442.]
 [2000. 2000. 4000.]]
Accuracy of se_6: 69 %
[[1787. 1003. 2790.]
 [ 213.  997. 1210.]
 [2000. 2000. 4000.]]
Accuracy of se_7: 68 %
[[1903. 1183. 3086.]
 [  97.  817.  914.]
 [2000. 2000. 4000.]]
Accuracy of se_8: 71 %
[[1702.  861. 2563.]
 [ 298. 1139. 1437.]
 [2000. 2000. 4000.]]
Accuracy of se_9: 70 %
[[1749.  938. 2687.]
 [ 251. 1062. 1313.]
 [2000. 2000. 4000.]]
Accuracy of se_10: 70 %
[[1763.  954. 2717.]
 [ 237. 1046. 1283.]
 [2000. 2000. 4000.]]
Accuracy of se_11: 70 %
[[1814. 1002. 2816.]
 [ 186.  998. 1184.]
 [2000. 2000. 4000.]]
Accuracy of se_12: 71 %
[[1860. 1020. 2880.]
 [ 140.  980. 1120.]
 [2000. 2000. 4000.]]
Accuracy of se_13: 76 %
[[1545.  500. 2045.]
 [ 455. 1500. 1955.]
 [2000. 2000. 4000.]]
Accuracy of se_14: 80 %
[[1763.  540. 2303.]
 [ 237. 1460. 1697.]
 [2000. 2000. 4000.]]
Accuracy of se_15: 79 %
[[1758.  592. 2350.]
 [ 242. 1408. 1650.]
 [2000. 2000. 4000.]]
Accuracy of se_16: 80 %
[[1853.  653. 2506.]
 [ 147. 1347. 1494.]
 [2000. 2000. 4000.]]
Accuracy of se_17: 81 %
[[1816.  562. 2378.]
 [ 184. 1438. 1622.]
 [2000. 2000. 4000.]]
Accuracy of se_18: 80 %
[[1805.  582. 2387.]
 [ 195. 1418. 1613.]
 [2000. 2000. 4000.]]
Accuracy of se_19: 79 %
[[1882.  685. 2567.]
 [ 118. 1315. 1433.]
 [2000. 2000. 4000.]]
Accuracy of se_20: 80 %
[[1884.  660. 2544.]
 [ 116. 1340. 1456.]
 [2000. 2000. 4000.]]
Accuracy of se_21: 81 %
[[1759.  498. 2257.]
 [ 241. 1502. 1743.]
 [2000. 2000. 4000.]]
Accuracy of se_22: 81 %
[[1814.  551. 2365.]
 [ 186. 1449. 1635.]
 [2000. 2000. 4000.]]
Accuracy of se_23: 78 %
[[1585.  440. 2025.]
 [ 415. 1560. 1975.]
 [2000. 2000. 4000.]]
Accuracy of se_24: 80 %
[[1668.  436. 2104.]
 [ 332. 1564. 1896.]
 [2000. 2000. 4000.]]
Accuracy of se_25: 81 %
[[1745.  497. 2242.]
 [ 255. 1503. 1758.]
 [2000. 2000. 4000.]]
Accuracy of se_26: 81 %
[[1866.  592. 2458.]
 [ 134. 1408. 1542.]
 [2000. 2000. 4000.]]
Accuracy of se_27: 81 %
[[1756.  482. 2238.]
 [ 244. 1518. 1762.]
 [2000. 2000. 4000.]]
Accuracy of se_28: 82 %
[[1786.  477. 2263.]
 [ 214. 1523. 1737.]
 [2000. 2000. 4000.]]
Accuracy of se_29: 81 %
[[1766.  490. 2256.]
 [ 234. 1510. 1744.]
 [2000. 2000. 4000.]]
Finished Training