Accuracy of se_0: 69 %
[[1465.  693. 2158.]
 [ 535. 1307. 1842.]
 [2000. 2000. 4000.]]
Accuracy of se_1: 69 %
[[1760.  976. 2736.]
 [ 240. 1024. 1264.]
 [2000. 2000. 4000.]]
Accuracy of se_2: 69 %
[[1456.  693. 2149.]
 [ 544. 1307. 1851.]
 [2000. 2000. 4000.]]
Accuracy of se_3: 72 %
[[1782.  900. 2682.]
 [ 218. 1100. 1318.]
 [2000. 2000. 4000.]]
Accuracy of se_4: 69 %
[[1380.  587. 1967.]
 [ 620. 1413. 2033.]
 [2000. 2000. 4000.]]
Accuracy of se_5: 72 %
[[1833.  949. 2782.]
 [ 167. 1051. 1218.]
 [2000. 2000. 4000.]]
Accuracy of se_6: 70 %
[[1380.  573. 1953.]
 [ 620. 1427. 2047.]
 [2000. 2000. 4000.]]
Accuracy of se_7: 68 %
[[1915. 1164. 3079.]
 [  85.  836.  921.]
 [2000. 2000. 4000.]]
Accuracy of se_8: 76 %
[[1802.  735. 2537.]
 [ 198. 1265. 1463.]
 [2000. 2000. 4000.]]
Accuracy of se_9: 77 %
[[1794.  703. 2497.]
 [ 206. 1297. 1503.]
 [2000. 2000. 4000.]]
Accuracy of se_10: 78 %
[[1666.  513. 2179.]
 [ 334. 1487. 1821.]
 [2000. 2000. 4000.]]
Accuracy of se_11: 81 %
[[1828.  557. 2385.]
 [ 172. 1443. 1615.]
 [2000. 2000. 4000.]]
Accuracy of se_12: 78 %
[[1746.  617. 2363.]
 [ 254. 1383. 1637.]
 [2000. 2000. 4000.]]
Accuracy of se_13: 81 %
[[1687.  435. 2122.]
 [ 313. 1565. 1878.]
 [2000. 2000. 4000.]]
Accuracy of se_14: 83 %
[[1848.  524. 2372.]
 [ 152. 1476. 1628.]
 [2000. 2000. 4000.]]
Accuracy of se_15: 80 %
[[1547.  325. 1872.]
 [ 453. 1675. 2128.]
 [2000. 2000. 4000.]]
Accuracy of se_16: 82 %
[[1905.  603. 2508.]
 [  95. 1397. 1492.]
 [2000. 2000. 4000.]]
Accuracy of se_17: 82 %
[[1723.  412. 2135.]
 [ 277. 1588. 1865.]
 [2000. 2000. 4000.]]
Accuracy of se_18: 80 %
[[1533.  307. 1840.]
 [ 467. 1693. 2160.]
 [2000. 2000. 4000.]]
Accuracy of se_19: 82 %
[[1625.  326. 1951.]
 [ 375. 1674. 2049.]
 [2000. 2000. 4000.]]
Accuracy of se_20: 84 %
[[1867.  473. 2340.]
 [ 133. 1527. 1660.]
 [2000. 2000. 4000.]]
Accuracy of se_21: 84 %
[[1865.  475. 2340.]
 [ 135. 1525. 1660.]
 [2000. 2000. 4000.]]
Accuracy of se_22: 81 %
[[1533.  290. 1823.]
 [ 467. 1710. 2177.]
 [2000. 2000. 4000.]]
Accuracy of se_23: 82 %
[[1596.  282. 1878.]
 [ 404. 1718. 2122.]
 [2000. 2000. 4000.]]
Accuracy of se_24: 85 %
[[1869.  458. 2327.]
 [ 131. 1542. 1673.]
 [2000. 2000. 4000.]]
Accuracy of se_25: 84 %
[[1807.  429. 2236.]
 [ 193. 1571. 1764.]
 [2000. 2000. 4000.]]
Accuracy of se_26: 84 %
[[1940.  548. 2488.]
 [  60. 1452. 1512.]
 [2000. 2000. 4000.]]
Accuracy of se_27: 86 %
[[1866.  412. 2278.]
 [ 134. 1588. 1722.]
 [2000. 2000. 4000.]]
Accuracy of se_28: 85 %
[[1751.  325. 2076.]
 [ 249. 1675. 1924.]
 [2000. 2000. 4000.]]
Accuracy of se_29: 84 %
[[1734.  356. 2090.]
 [ 266. 1644. 1910.]
 [2000. 2000. 4000.]]
Finished Training