Accuracy of se_0: 67 %
[[1544.  839. 2383.]
 [ 456. 1161. 1617.]
 [2000. 2000. 4000.]]
Accuracy of se_1: 69 %
[[1703.  910. 2613.]
 [ 297. 1090. 1387.]
 [2000. 2000. 4000.]]
Accuracy of se_2: 71 %
[[1814.  964. 2778.]
 [ 186. 1036. 1222.]
 [2000. 2000. 4000.]]
Accuracy of se_3: 77 %
[[1653.  557. 2210.]
 [ 347. 1443. 1790.]
 [2000. 2000. 4000.]]
Accuracy of se_4: 78 %
[[1663.  543. 2206.]
 [ 337. 1457. 1794.]
 [2000. 2000. 4000.]]
Accuracy of se_5: 69 %
[[ 989.  218. 1207.]
 [1011. 1782. 2793.]
 [2000. 2000. 4000.]]
Accuracy of se_6: 78 %
[[1628.  470. 2098.]
 [ 372. 1530. 1902.]
 [2000. 2000. 4000.]]
Accuracy of se_7: 80 %
[[1833.  630. 2463.]
 [ 167. 1370. 1537.]
 [2000. 2000. 4000.]]
Accuracy of se_8: 79 %
[[1861.  666. 2527.]
 [ 139. 1334. 1473.]
 [2000. 2000. 4000.]]
Accuracy of se_9: 79 %
[[1684.  495. 2179.]
 [ 316. 1505. 1821.]
 [2000. 2000. 4000.]]
Accuracy of se_10: 80 %
[[1784.  555. 2339.]
 [ 216. 1445. 1661.]
 [2000. 2000. 4000.]]
Accuracy of se_11: 78 %
[[1607.  454. 2061.]
 [ 393. 1546. 1939.]
 [2000. 2000. 4000.]]
Accuracy of se_12: 79 %
[[1901.  732. 2633.]
 [  99. 1268. 1367.]
 [2000. 2000. 4000.]]
Accuracy of se_13: 78 %
[[1617.  460. 2077.]
 [ 383. 1540. 1923.]
 [2000. 2000. 4000.]]
Accuracy of se_14: 80 %
[[1760.  553. 2313.]
 [ 240. 1447. 1687.]
 [2000. 2000. 4000.]]
Accuracy of se_15: 75 %
[[1389.  361. 1750.]
 [ 611. 1639. 2250.]
 [2000. 2000. 4000.]]
Accuracy of se_16: 80 %
[[1816.  609. 2425.]
 [ 184. 1391. 1575.]
 [2000. 2000. 4000.]]
Accuracy of se_17: 79 %
[[1730.  534. 2264.]
 [ 270. 1466. 1736.]
 [2000. 2000. 4000.]]
Accuracy of se_18: 80 %
[[1801.  592. 2393.]
 [ 199. 1408. 1607.]
 [2000. 2000. 4000.]]
Accuracy of se_19: 80 %
[[1833.  630. 2463.]
 [ 167. 1370. 1537.]
 [2000. 2000. 4000.]]
Accuracy of se_20: 80 %
[[1766.  533. 2299.]
 [ 234. 1467. 1701.]
 [2000. 2000. 4000.]]
Accuracy of se_21: 79 %
[[1671.  502. 2173.]
 [ 329. 1498. 1827.]
 [2000. 2000. 4000.]]
Accuracy of se_22: 80 %
[[1778.  571. 2349.]
 [ 222. 1429. 1651.]
 [2000. 2000. 4000.]]
Accuracy of se_23: 80 %
[[1632.  410. 2042.]
 [ 368. 1590. 1958.]
 [2000. 2000. 4000.]]
Accuracy of se_24: 80 %
[[1826.  615. 2441.]
 [ 174. 1385. 1559.]
 [2000. 2000. 4000.]]
Accuracy of se_25: 80 %
[[1821.  615. 2436.]
 [ 179. 1385. 1564.]
 [2000. 2000. 4000.]]
Accuracy of se_26: 80 %
[[1624.  421. 2045.]
 [ 376. 1579. 1955.]
 [2000. 2000. 4000.]]
Accuracy of se_27: 80 %
[[1767.  541. 2308.]
 [ 233. 1459. 1692.]
 [2000. 2000. 4000.]]
Accuracy of se_28: 80 %
[[1841.  634. 2475.]
 [ 159. 1366. 1525.]
 [2000. 2000. 4000.]]
Accuracy of se_29: 80 %
[[1696.  468. 2164.]
 [ 304. 1532. 1836.]
 [2000. 2000. 4000.]]
Finished Training