Accuracy of se_0: 50 %
[[1927. 1889. 3816.]
 [  73.  111.  184.]
 [2000. 2000. 4000.]]
Accuracy of se_1: 66 %
[[1833. 1176. 3009.]
 [ 167.  824.  991.]
 [2000. 2000. 4000.]]
Accuracy of se_2: 69 %
[[1728.  958. 2686.]
 [ 272. 1042. 1314.]
 [2000. 2000. 4000.]]
Accuracy of se_3: 69 %
[[1445.  678. 2123.]
 [ 555. 1322. 1877.]
 [2000. 2000. 4000.]]
Accuracy of se_4: 70 %
[[1779.  942. 2721.]
 [ 221. 1058. 1279.]
 [2000. 2000. 4000.]]
Accuracy of se_5: 72 %
[[1730.  850. 2580.]
 [ 270. 1150. 1420.]
 [2000. 2000. 4000.]]
Accuracy of se_6: 71 %
[[1775.  926. 2701.]
 [ 225. 1074. 1299.]
 [2000. 2000. 4000.]]
Accuracy of se_7: 71 %
[[1553.  707. 2260.]
 [ 447. 1293. 1740.]
 [2000. 2000. 4000.]]
Accuracy of se_8: 71 %
[[1655.  803. 2458.]
 [ 345. 1197. 1542.]
 [2000. 2000. 4000.]]
Accuracy of se_9: 70 %
[[1453.  614. 2067.]
 [ 547. 1386. 1933.]
 [2000. 2000. 4000.]]
Accuracy of se_10: 73 %
[[1671.  728. 2399.]
 [ 329. 1272. 1601.]
 [2000. 2000. 4000.]]
Accuracy of se_11: 75 %
[[1802.  786. 2588.]
 [ 198. 1214. 1412.]
 [2000. 2000. 4000.]]
Accuracy of se_12: 76 %
[[1887.  836. 2723.]
 [ 113. 1164. 1277.]
 [2000. 2000. 4000.]]
Accuracy of se_13: 77 %
[[1884.  785. 2669.]
 [ 116. 1215. 1331.]
 [2000. 2000. 4000.]]
Accuracy of se_14: 75 %
[[1378.  375. 1753.]
 [ 622. 1625. 2247.]
 [2000. 2000. 4000.]]
Accuracy of se_15: 79 %
[[1921.  745. 2666.]
 [  79. 1255. 1334.]
 [2000. 2000. 4000.]]
Accuracy of se_16: 77 %
[[1418.  320. 1738.]
 [ 582. 1680. 2262.]
 [2000. 2000. 4000.]]
Accuracy of se_17: 81 %
[[1838.  575. 2413.]
 [ 162. 1425. 1587.]
 [2000. 2000. 4000.]]
Accuracy of se_18: 77 %
[[1580.  479. 2059.]
 [ 420. 1521. 1941.]
 [2000. 2000. 4000.]]
Accuracy of se_19: 82 %
[[1762.  451. 2213.]
 [ 238. 1549. 1787.]
 [2000. 2000. 4000.]]
Accuracy of se_20: 81 %
[[1925.  667. 2592.]
 [  75. 1333. 1408.]
 [2000. 2000. 4000.]]
Accuracy of se_21: 76 %
[[1326.  257. 1583.]
 [ 674. 1743. 2417.]
 [2000. 2000. 4000.]]
Accuracy of se_22: 80 %
[[1555.  351. 1906.]
 [ 445. 1649. 2094.]
 [2000. 2000. 4000.]]
Accuracy of se_23: 78 %
[[1448.  327. 1775.]
 [ 552. 1673. 2225.]
 [2000. 2000. 4000.]]
Accuracy of se_24: 82 %
[[1818.  536. 2354.]
 [ 182. 1464. 1646.]
 [2000. 2000. 4000.]]
Accuracy of se_25: 80 %
[[1584.  359. 1943.]
 [ 416. 1641. 2057.]
 [2000. 2000. 4000.]]
Accuracy of se_26: 82 %
[[1735.  416. 2151.]
 [ 265. 1584. 1849.]
 [2000. 2000. 4000.]]
Accuracy of se_27: 83 %
[[1884.  552. 2436.]
 [ 116. 1448. 1564.]
 [2000. 2000. 4000.]]
Accuracy of se_28: 83 %
[[1874.  551. 2425.]
 [ 126. 1449. 1575.]
 [2000. 2000. 4000.]]
Accuracy of se_29: 81 %
[[1708.  450. 2158.]
 [ 292. 1550. 1842.]
 [2000. 2000. 4000.]]
Finished Training