Accuracy of se_0: 67 %
[[1675.  956. 2631.]
 [ 325. 1044. 1369.]
 [2000. 2000. 4000.]]
Accuracy of se_1: 66 %
[[1936. 1270. 3206.]
 [  64.  730.  794.]
 [2000. 2000. 4000.]]
Accuracy of se_2: 71 %
[[1551.  707. 2258.]
 [ 449. 1293. 1742.]
 [2000. 2000. 4000.]]
Accuracy of se_3: 70 %
[[1796.  967. 2763.]
 [ 204. 1033. 1237.]
 [2000. 2000. 4000.]]
Accuracy of se_4: 72 %
[[1586.  699. 2285.]
 [ 414. 1301. 1715.]
 [2000. 2000. 4000.]]
Accuracy of se_5: 76 %
[[1889.  834. 2723.]
 [ 111. 1166. 1277.]
 [2000. 2000. 4000.]]
Accuracy of se_6: 80 %
[[1864.  631. 2495.]
 [ 136. 1369. 1505.]
 [2000. 2000. 4000.]]
Accuracy of se_7: 82 %
[[1838.  532. 2370.]
 [ 162. 1468. 1630.]
 [2000. 2000. 4000.]]
Accuracy of se_8: 81 %
[[1819.  540. 2359.]
 [ 181. 1460. 1641.]
 [2000. 2000. 4000.]]
Accuracy of se_9: 82 %
[[1841.  531. 2372.]
 [ 159. 1469. 1628.]
 [2000. 2000. 4000.]]
Accuracy of se_10: 82 %
[[1762.  451. 2213.]
 [ 238. 1549. 1787.]
 [2000. 2000. 4000.]]
Accuracy of se_11: 81 %
[[1642.  383. 2025.]
 [ 358. 1617. 1975.]
 [2000. 2000. 4000.]]
Accuracy of se_12: 82 %
[[1834.  529. 2363.]
 [ 166. 1471. 1637.]
 [2000. 2000. 4000.]]
Accuracy of se_13: 81 %
[[1648.  395. 2043.]
 [ 352. 1605. 1957.]
 [2000. 2000. 4000.]]
Accuracy of se_14: 83 %
[[1852.  523. 2375.]
 [ 148. 1477. 1625.]
 [2000. 2000. 4000.]]
Accuracy of se_15: 81 %
[[1684.  443. 2127.]
 [ 316. 1557. 1873.]
 [2000. 2000. 4000.]]
Accuracy of se_16: 82 %
[[1865.  548. 2413.]
 [ 135. 1452. 1587.]
 [2000. 2000. 4000.]]
Accuracy of se_17: 83 %
[[1895.  572. 2467.]
 [ 105. 1428. 1533.]
 [2000. 2000. 4000.]]
Accuracy of se_18: 83 %
[[1824.  496. 2320.]
 [ 176. 1504. 1680.]
 [2000. 2000. 4000.]]
Accuracy of se_19: 80 %
[[1930.  729. 2659.]
 [  70. 1271. 1341.]
 [2000. 2000. 4000.]]
Accuracy of se_20: 82 %
[[1721.  410. 2131.]
 [ 279. 1590. 1869.]
 [2000. 2000. 4000.]]
Accuracy of se_21: 82 %
[[1871.  586. 2457.]
 [ 129. 1414. 1543.]
 [2000. 2000. 4000.]]
Accuracy of se_22: 82 %
[[1834.  516. 2350.]
 [ 166. 1484. 1650.]
 [2000. 2000. 4000.]]
Accuracy of se_23: 83 %
[[1879.  532. 2411.]
 [ 121. 1468. 1589.]
 [2000. 2000. 4000.]]
Accuracy of se_24: 83 %
[[1864.  520. 2384.]
 [ 136. 1480. 1616.]
 [2000. 2000. 4000.]]
Accuracy of se_25: 81 %
[[1723.  444. 2167.]
 [ 277. 1556. 1833.]
 [2000. 2000. 4000.]]
Accuracy of se_26: 83 %
[[1872.  534. 2406.]
 [ 128. 1466. 1594.]
 [2000. 2000. 4000.]]
Accuracy of se_27: 81 %
[[1681.  402. 2083.]
 [ 319. 1598. 1917.]
 [2000. 2000. 4000.]]
Accuracy of se_28: 82 %
[[1690.  391. 2081.]
 [ 310. 1609. 1919.]
 [2000. 2000. 4000.]]
Accuracy of se_29: 81 %
[[1642.  372. 2014.]
 [ 358. 1628. 1986.]
 [2000. 2000. 4000.]]
Finished Training