Accuracy of se_0: 68 %
[[1600.  873. 2473.]
 [ 400. 1127. 1527.]
 [2000. 2000. 4000.]]
Accuracy of se_1: 68 %
[[1768. 1019. 2787.]
 [ 232.  981. 1213.]
 [2000. 2000. 4000.]]
Accuracy of se_2: 69 %
[[1779.  995. 2774.]
 [ 221. 1005. 1226.]
 [2000. 2000. 4000.]]
Accuracy of se_3: 68 %
[[1724.  974. 2698.]
 [ 276. 1026. 1302.]
 [2000. 2000. 4000.]]
Accuracy of se_4: 73 %
[[1749.  816. 2565.]
 [ 251. 1184. 1435.]
 [2000. 2000. 4000.]]
Accuracy of se_5: 76 %
[[1801.  737. 2538.]
 [ 199. 1263. 1462.]
 [2000. 2000. 4000.]]
Accuracy of se_6: 78 %
[[1617.  476. 2093.]
 [ 383. 1524. 1907.]
 [2000. 2000. 4000.]]
Accuracy of se_7: 75 %
[[1359.  358. 1717.]
 [ 641. 1642. 2283.]
 [2000. 2000. 4000.]]
Accuracy of se_8: 80 %
[[1751.  540. 2291.]
 [ 249. 1460. 1709.]
 [2000. 2000. 4000.]]
Accuracy of se_9: 79 %
[[1624.  454. 2078.]
 [ 376. 1546. 1922.]
 [2000. 2000. 4000.]]
Accuracy of se_10: 80 %
[[1748.  545. 2293.]
 [ 252. 1455. 1707.]
 [2000. 2000. 4000.]]
Accuracy of se_11: 80 %
[[1809.  606. 2415.]
 [ 191. 1394. 1585.]
 [2000. 2000. 4000.]]
Accuracy of se_12: 78 %
[[1553.  428. 1981.]
 [ 447. 1572. 2019.]
 [2000. 2000. 4000.]]
Accuracy of se_13: 79 %
[[1872.  678. 2550.]
 [ 128. 1322. 1450.]
 [2000. 2000. 4000.]]
Accuracy of se_14: 80 %
[[1747.  537. 2284.]
 [ 253. 1463. 1716.]
 [2000. 2000. 4000.]]
Accuracy of se_15: 79 %
[[1729.  559. 2288.]
 [ 271. 1441. 1712.]
 [2000. 2000. 4000.]]
Accuracy of se_16: 80 %
[[1788.  551. 2339.]
 [ 212. 1449. 1661.]
 [2000. 2000. 4000.]]
Accuracy of se_17: 80 %
[[1796.  585. 2381.]
 [ 204. 1415. 1619.]
 [2000. 2000. 4000.]]
Accuracy of se_18: 79 %
[[1827.  635. 2462.]
 [ 173. 1365. 1538.]
 [2000. 2000. 4000.]]
Accuracy of se_19: 77 %
[[1539.  445. 1984.]
 [ 461. 1555. 2016.]
 [2000. 2000. 4000.]]
Accuracy of se_20: 80 %
[[1752.  550. 2302.]
 [ 248. 1450. 1698.]
 [2000. 2000. 4000.]]
Accuracy of se_21: 80 %
[[1713.  512. 2225.]
 [ 287. 1488. 1775.]
 [2000. 2000. 4000.]]
Accuracy of se_22: 78 %
[[1898.  739. 2637.]
 [ 102. 1261. 1363.]
 [2000. 2000. 4000.]]
Accuracy of se_23: 81 %
[[1830.  579. 2409.]
 [ 170. 1421. 1591.]
 [2000. 2000. 4000.]]
Accuracy of se_24: 80 %
[[1749.  514. 2263.]
 [ 251. 1486. 1737.]
 [2000. 2000. 4000.]]
Accuracy of se_25: 80 %
[[1687.  482. 2169.]
 [ 313. 1518. 1831.]
 [2000. 2000. 4000.]]
Accuracy of se_26: 79 %
[[1596.  418. 2014.]
 [ 404. 1582. 1986.]
 [2000. 2000. 4000.]]
Accuracy of se_27: 80 %
[[1847.  610. 2457.]
 [ 153. 1390. 1543.]
 [2000. 2000. 4000.]]
Accuracy of se_28: 78 %
[[1542.  390. 1932.]
 [ 458. 1610. 2068.]
 [2000. 2000. 4000.]]
Accuracy of se_29: 80 %
[[1744.  528. 2272.]
 [ 256. 1472. 1728.]
 [2000. 2000. 4000.]]
Finished Training