Accuracy of se_0: 70 %
[[1671.  852. 2523.]
 [ 329. 1148. 1477.]
 [2000. 2000. 4000.]]
Accuracy of se_1: 70 %
[[1651.  842. 2493.]
 [ 349. 1158. 1507.]
 [2000. 2000. 4000.]]
Accuracy of se_2: 69 %
[[1416.  639. 2055.]
 [ 584. 1361. 1945.]
 [2000. 2000. 4000.]]
Accuracy of se_3: 75 %
[[1579.  542. 2121.]
 [ 421. 1458. 1879.]
 [2000. 2000. 4000.]]
Accuracy of se_4: 76 %
[[1836.  782. 2618.]
 [ 164. 1218. 1382.]
 [2000. 2000. 4000.]]
Accuracy of se_5: 79 %
[[1746.  569. 2315.]
 [ 254. 1431. 1685.]
 [2000. 2000. 4000.]]
Accuracy of se_6: 77 %
[[1471.  378. 1849.]
 [ 529. 1622. 2151.]
 [2000. 2000. 4000.]]
Accuracy of se_7: 80 %
[[1796.  559. 2355.]
 [ 204. 1441. 1645.]
 [2000. 2000. 4000.]]
Accuracy of se_8: 84 %
[[1883.  513. 2396.]
 [ 117. 1487. 1604.]
 [2000. 2000. 4000.]]
Accuracy of se_9: 85 %
[[1797.  389. 2186.]
 [ 203. 1611. 1814.]
 [2000. 2000. 4000.]]
Accuracy of se_10: 85 %
[[1943.  517. 2460.]
 [  57. 1483. 1540.]
 [2000. 2000. 4000.]]
Accuracy of se_11: 85 %
[[1879.  448. 2327.]
 [ 121. 1552. 1673.]
 [2000. 2000. 4000.]]
Accuracy of se_12: 85 %
[[1898.  470. 2368.]
 [ 102. 1530. 1632.]
 [2000. 2000. 4000.]]
Accuracy of se_13: 86 %
[[1923.  457. 2380.]
 [  77. 1543. 1620.]
 [2000. 2000. 4000.]]
Accuracy of se_14: 86 %
[[1948.  507. 2455.]
 [  52. 1493. 1545.]
 [2000. 2000. 4000.]]
Accuracy of se_15: 88 %
[[1884.  359. 2243.]
 [ 116. 1641. 1757.]
 [2000. 2000. 4000.]]
Accuracy of se_16: 88 %
[[1922.  381. 2303.]
 [  78. 1619. 1697.]
 [2000. 2000. 4000.]]
Accuracy of se_17: 87 %
[[1946.  448. 2394.]
 [  54. 1552. 1606.]
 [2000. 2000. 4000.]]
Accuracy of se_18: 87 %
[[1944.  426. 2370.]
 [  56. 1574. 1630.]
 [2000. 2000. 4000.]]
Accuracy of se_19: 88 %
[[1953.  423. 2376.]
 [  47. 1577. 1624.]
 [2000. 2000. 4000.]]
Accuracy of se_20: 88 %
[[1957.  437. 2394.]
 [  43. 1563. 1606.]
 [2000. 2000. 4000.]]
Accuracy of se_21: 88 %
[[1886.  365. 2251.]
 [ 114. 1635. 1749.]
 [2000. 2000. 4000.]]
Accuracy of se_22: 88 %
[[1874.  345. 2219.]
 [ 126. 1655. 1781.]
 [2000. 2000. 4000.]]
Accuracy of se_23: 88 %
[[1946.  393. 2339.]
 [  54. 1607. 1661.]
 [2000. 2000. 4000.]]
Accuracy of se_24: 87 %
[[1774.  271. 2045.]
 [ 226. 1729. 1955.]
 [2000. 2000. 4000.]]
Accuracy of se_25: 87 %
[[1827.  319. 2146.]
 [ 173. 1681. 1854.]
 [2000. 2000. 4000.]]
Accuracy of se_26: 89 %
[[1911.  349. 2260.]
 [  89. 1651. 1740.]
 [2000. 2000. 4000.]]
Accuracy of se_27: 89 %
[[1943.  379. 2322.]
 [  57. 1621. 1678.]
 [2000. 2000. 4000.]]
Accuracy of se_28: 88 %
[[1773.  247. 2020.]
 [ 227. 1753. 1980.]
 [2000. 2000. 4000.]]
Accuracy of se_29: 88 %
[[1888.  341. 2229.]
 [ 112. 1659. 1771.]
 [2000. 2000. 4000.]]
Finished Training