Accuracy of se_0: 70 %
[[1792.  970. 2762.]
 [ 208. 1030. 1238.]
 [2000. 2000. 4000.]]
Accuracy of se_1: 70 %
[[1593.  754. 2347.]
 [ 407. 1246. 1653.]
 [2000. 2000. 4000.]]
Accuracy of se_2: 70 %
[[1710.  872. 2582.]
 [ 290. 1128. 1418.]
 [2000. 2000. 4000.]]
Accuracy of se_3: 72 %
[[1701.  814. 2515.]
 [ 299. 1186. 1485.]
 [2000. 2000. 4000.]]
Accuracy of se_4: 78 %
[[1670.  542. 2212.]
 [ 330. 1458. 1788.]
 [2000. 2000. 4000.]]
Accuracy of se_5: 78 %
[[1369.  243. 1612.]
 [ 631. 1757. 2388.]
 [2000. 2000. 4000.]]
Accuracy of se_6: 81 %
[[1778.  517. 2295.]
 [ 222. 1483. 1705.]
 [2000. 2000. 4000.]]
Accuracy of se_7: 77 %
[[1513.  427. 1940.]
 [ 487. 1573. 2060.]
 [2000. 2000. 4000.]]
Accuracy of se_8: 82 %
[[1785.  472. 2257.]
 [ 215. 1528. 1743.]
 [2000. 2000. 4000.]]
Accuracy of se_9: 82 %
[[1826.  521. 2347.]
 [ 174. 1479. 1653.]
 [2000. 2000. 4000.]]
Accuracy of se_10: 84 %
[[1885.  523. 2408.]
 [ 115. 1477. 1592.]
 [2000. 2000. 4000.]]
Accuracy of se_11: 84 %
[[1864.  487. 2351.]
 [ 136. 1513. 1649.]
 [2000. 2000. 4000.]]
Accuracy of se_12: 81 %
[[1635.  361. 1996.]
 [ 365. 1639. 2004.]
 [2000. 2000. 4000.]]
Accuracy of se_13: 83 %
[[1690.  359. 2049.]
 [ 310. 1641. 1951.]
 [2000. 2000. 4000.]]
Accuracy of se_14: 81 %
[[1950.  687. 2637.]
 [  50. 1313. 1363.]
 [2000. 2000. 4000.]]
Accuracy of se_15: 83 %
[[1769.  429. 2198.]
 [ 231. 1571. 1802.]
 [2000. 2000. 4000.]]
Accuracy of se_16: 83 %
[[1830.  473. 2303.]
 [ 170. 1527. 1697.]
 [2000. 2000. 4000.]]
Accuracy of se_17: 83 %
[[1830.  487. 2317.]
 [ 170. 1513. 1683.]
 [2000. 2000. 4000.]]
Accuracy of se_18: 82 %
[[1668.  352. 2020.]
 [ 332. 1648. 1980.]
 [2000. 2000. 4000.]]
Accuracy of se_19: 84 %
[[1919.  533. 2452.]
 [  81. 1467. 1548.]
 [2000. 2000. 4000.]]
Accuracy of se_20: 83 %
[[1719.  365. 2084.]
 [ 281. 1635. 1916.]
 [2000. 2000. 4000.]]
Accuracy of se_21: 84 %
[[1880.  483. 2363.]
 [ 120. 1517. 1637.]
 [2000. 2000. 4000.]]
Accuracy of se_22: 84 %
[[1814.  433. 2247.]
 [ 186. 1567. 1753.]
 [2000. 2000. 4000.]]
Accuracy of se_23: 85 %
[[1890.  484. 2374.]
 [ 110. 1516. 1626.]
 [2000. 2000. 4000.]]
Accuracy of se_24: 84 %
[[1895.  498. 2393.]
 [ 105. 1502. 1607.]
 [2000. 2000. 4000.]]
Accuracy of se_25: 83 %
[[1794.  447. 2241.]
 [ 206. 1553. 1759.]
 [2000. 2000. 4000.]]
Accuracy of se_26: 85 %
[[1837.  419. 2256.]
 [ 163. 1581. 1744.]
 [2000. 2000. 4000.]]
Accuracy of se_27: 83 %
[[1929.  571. 2500.]
 [  71. 1429. 1500.]
 [2000. 2000. 4000.]]
Accuracy of se_28: 84 %
[[1803.  406. 2209.]
 [ 197. 1594. 1791.]
 [2000. 2000. 4000.]]
Accuracy of se_29: 84 %
[[1836.  459. 2295.]
 [ 164. 1541. 1705.]
 [2000. 2000. 4000.]]
Finished Training