Accuracy of se_0: 66 %
[[1519.  862. 2381.]
 [ 481. 1138. 1619.]
 [2000. 2000. 4000.]]
Accuracy of se_1: 71 %
[[1651.  786. 2437.]
 [ 349. 1214. 1563.]
 [2000. 2000. 4000.]]
Accuracy of se_2: 73 %
[[1613.  665. 2278.]
 [ 387. 1335. 1722.]
 [2000. 2000. 4000.]]
Accuracy of se_3: 73 %
[[1805.  850. 2655.]
 [ 195. 1150. 1345.]
 [2000. 2000. 4000.]]
Accuracy of se_4: 79 %
[[1799.  617. 2416.]
 [ 201. 1383. 1584.]
 [2000. 2000. 4000.]]
Accuracy of se_5: 82 %
[[1814.  529. 2343.]
 [ 186. 1471. 1657.]
 [2000. 2000. 4000.]]
Accuracy of se_6: 86 %
[[1891.  433. 2324.]
 [ 109. 1567. 1676.]
 [2000. 2000. 4000.]]
Accuracy of se_7: 85 %
[[1952.  547. 2499.]
 [  48. 1453. 1501.]
 [2000. 2000. 4000.]]
Accuracy of se_8: 85 %
[[1869.  444. 2313.]
 [ 131. 1556. 1687.]
 [2000. 2000. 4000.]]
Accuracy of se_9: 85 %
[[1917.  482. 2399.]
 [  83. 1518. 1601.]
 [2000. 2000. 4000.]]
Accuracy of se_10: 87 %
[[1907.  412. 2319.]
 [  93. 1588. 1681.]
 [2000. 2000. 4000.]]
Accuracy of se_11: 87 %
[[1788.  288. 2076.]
 [ 212. 1712. 1924.]
 [2000. 2000. 4000.]]
Accuracy of se_12: 86 %
[[1762.  287. 2049.]
 [ 238. 1713. 1951.]
 [2000. 2000. 4000.]]
Accuracy of se_13: 86 %
[[1937.  469. 2406.]
 [  63. 1531. 1594.]
 [2000. 2000. 4000.]]
Accuracy of se_14: 87 %
[[1850.  338. 2188.]
 [ 150. 1662. 1812.]
 [2000. 2000. 4000.]]
Accuracy of se_15: 86 %
[[1952.  485. 2437.]
 [  48. 1515. 1563.]
 [2000. 2000. 4000.]]
Accuracy of se_16: 86 %
[[1806.  366. 2172.]
 [ 194. 1634. 1828.]
 [2000. 2000. 4000.]]
Accuracy of se_17: 88 %
[[1890.  338. 2228.]
 [ 110. 1662. 1772.]
 [2000. 2000. 4000.]]
Accuracy of se_18: 89 %
[[1926.  353. 2279.]
 [  74. 1647. 1721.]
 [2000. 2000. 4000.]]
Accuracy of se_19: 88 %
[[1928.  400. 2328.]
 [  72. 1600. 1672.]
 [2000. 2000. 4000.]]
Accuracy of se_20: 88 %
[[1800.  243. 2043.]
 [ 200. 1757. 1957.]
 [2000. 2000. 4000.]]
Accuracy of se_21: 88 %
[[1887.  342. 2229.]
 [ 113. 1658. 1771.]
 [2000. 2000. 4000.]]
Accuracy of se_22: 87 %
[[1962.  449. 2411.]
 [  38. 1551. 1589.]
 [2000. 2000. 4000.]]
Accuracy of se_23: 88 %
[[1865.  335. 2200.]
 [ 135. 1665. 1800.]
 [2000. 2000. 4000.]]
Accuracy of se_24: 89 %
[[1894.  325. 2219.]
 [ 106. 1675. 1781.]
 [2000. 2000. 4000.]]
Accuracy of se_25: 89 %
[[1905.  308. 2213.]
 [  95. 1692. 1787.]
 [2000. 2000. 4000.]]
Accuracy of se_26: 89 %
[[1849.  257. 2106.]
 [ 151. 1743. 1894.]
 [2000. 2000. 4000.]]
Accuracy of se_27: 86 %
[[1709.  239. 1948.]
 [ 291. 1761. 2052.]
 [2000. 2000. 4000.]]
Accuracy of se_28: 89 %
[[1960.  382. 2342.]
 [  40. 1618. 1658.]
 [2000. 2000. 4000.]]
Accuracy of se_29: 89 %
[[1852.  274. 2126.]
 [ 148. 1726. 1874.]
 [2000. 2000. 4000.]]
Finished Training