Accuracy of se_0: 69 %
[[1807. 1010. 2817.]
 [ 193.  990. 1183.]
 [2000. 2000. 4000.]]
Accuracy of se_1: 78 %
[[1915.  764. 2679.]
 [  85. 1236. 1321.]
 [2000. 2000. 4000.]]
Accuracy of se_2: 80 %
[[1906.  700. 2606.]
 [  94. 1300. 1394.]
 [2000. 2000. 4000.]]
Accuracy of se_3: 81 %
[[1938.  663. 2601.]
 [  62. 1337. 1399.]
 [2000. 2000. 4000.]]
Accuracy of se_4: 83 %
[[1626.  295. 1921.]
 [ 374. 1705. 2079.]
 [2000. 2000. 4000.]]
Accuracy of se_5: 86 %
[[1850.  396. 2246.]
 [ 150. 1604. 1754.]
 [2000. 2000. 4000.]]
Accuracy of se_6: 84 %
[[1619.  234. 1853.]
 [ 381. 1766. 2147.]
 [2000. 2000. 4000.]]
Accuracy of se_7: 89 %
[[1910.  333. 2243.]
 [  90. 1667. 1757.]
 [2000. 2000. 4000.]]
Accuracy of se_8: 87 %
[[1865.  376. 2241.]
 [ 135. 1624. 1759.]
 [2000. 2000. 4000.]]
Accuracy of se_9: 87 %
[[1737.  227. 1964.]
 [ 263. 1773. 2036.]
 [2000. 2000. 4000.]]
Accuracy of se_10: 89 %
[[1865.  301. 2166.]
 [ 135. 1699. 1834.]
 [2000. 2000. 4000.]]
Accuracy of se_11: 87 %
[[1811.  293. 2104.]
 [ 189. 1707. 1896.]
 [2000. 2000. 4000.]]
Accuracy of se_12: 88 %
[[1733.  191. 1924.]
 [ 267. 1809. 2076.]
 [2000. 2000. 4000.]]
Accuracy of se_13: 88 %
[[1805.  258. 2063.]
 [ 195. 1742. 1937.]
 [2000. 2000. 4000.]]
Accuracy of se_14: 90 %
[[1832.  226. 2058.]
 [ 168. 1774. 1942.]
 [2000. 2000. 4000.]]
Accuracy of se_15: 90 %
[[1893.  263. 2156.]
 [ 107. 1737. 1844.]
 [2000. 2000. 4000.]]
Accuracy of se_16: 90 %
[[1976.  358. 2334.]
 [  24. 1642. 1666.]
 [2000. 2000. 4000.]]
Accuracy of se_17: 91 %
[[1926.  268. 2194.]
 [  74. 1732. 1806.]
 [2000. 2000. 4000.]]
Accuracy of se_18: 90 %
[[1873.  244. 2117.]
 [ 127. 1756. 1883.]
 [2000. 2000. 4000.]]
Accuracy of se_19: 91 %
[[1952.  303. 2255.]
 [  48. 1697. 1745.]
 [2000. 2000. 4000.]]
Accuracy of se_20: 90 %
[[1961.  350. 2311.]
 [  39. 1650. 1689.]
 [2000. 2000. 4000.]]
Accuracy of se_21: 91 %
[[1967.  323. 2290.]
 [  33. 1677. 1710.]
 [2000. 2000. 4000.]]
Accuracy of se_22: 91 %
[[1881.  232. 2113.]
 [ 119. 1768. 1887.]
 [2000. 2000. 4000.]]
Accuracy of se_23: 91 %
[[1941.  288. 2229.]
 [  59. 1712. 1771.]
 [2000. 2000. 4000.]]
Accuracy of se_24: 91 %
[[1934.  283. 2217.]
 [  66. 1717. 1783.]
 [2000. 2000. 4000.]]
Accuracy of se_25: 92 %
[[1942.  257. 2199.]
 [  58. 1743. 1801.]
 [2000. 2000. 4000.]]
Accuracy of se_26: 91 %
[[1943.  265. 2208.]
 [  57. 1735. 1792.]
 [2000. 2000. 4000.]]
Accuracy of se_27: 91 %
[[1927.  252. 2179.]
 [  73. 1748. 1821.]
 [2000. 2000. 4000.]]
Accuracy of se_28: 91 %
[[1921.  244. 2165.]
 [  79. 1756. 1835.]
 [2000. 2000. 4000.]]
Accuracy of se_29: 91 %
[[1899.  227. 2126.]
 [ 101. 1773. 1874.]
 [2000. 2000. 4000.]]
Finished Training